#Dec 02, 2016  02:37:39 PM
#Residual Gas Analyzer Software 
#Software Version, 3.211.002
#
#Analog Scan Setup:
#
#Data Points in Scan, 641 
#Units, Torr 
#Noise Floor, 2 
#CEM Status, OFF 
#Points Per AMU, 10
#Scan Start Mass, 1, amu 
#Scan Stop Mass, 65, amu
#Focus Voltage, 90, Volts 
#Ion Energy, HIGH 
#Electron Energy, 70, eV 
#CEM Voltage, 1000, Volts
#CEM Gain, 1.00E+006 
#Sensitivity Factor, 9.16E-005 
#Filament Current, 1.00, mAmps


  1.00,   2.69E-008, 
  1.10,   9.36E-008, 
  1.20,   1.34E-006, 
  1.30,   2.57E-006, 
  1.40,   1.68E-006, 
  1.50,   6.20E-006, 
  1.60,   1.05E-005, 
  1.70,   1.36E-005, 
  1.80,   1.61E-005, 
  1.90,   1.65E-005, 
  2.00,   1.75E-005, 
  2.10,   1.53E-005, 
  2.20,   1.45E-005, 
  2.30,   1.12E-005, 
  2.40,   2.46E-006, 
  2.50,   1.02E-007, 
  2.60,   2.99E-008, 
  2.70,   2.05E-008, 
  2.80,   2.18E-008, 
  2.90,   2.39E-008, 
  3.00,   2.69E-008, 
  3.10,   2.66E-008, 
  3.20,   2.62E-008, 
  3.30,   2.26E-008, 
  3.40,   1.50E-008, 
  3.50,   7.24E-009, 
  3.60,   3.28E-009, 
  3.70,   1.53E-009, 
  3.80,   9.31E-010, 
  3.90,   5.11E-010, 
  4.00,   2.19E-010, 
  4.10,  -4.37E-012, 
  4.20,  -9.93E-011, 
  4.30,  -7.64E-011, 
  4.40,  -1.21E-010, 
  4.50,  -2.36E-010, 
  4.60,  -2.27E-010, 
  4.70,  -2.02E-010, 
  4.80,  -2.89E-010, 
  4.90,  -2.15E-010, 
  5.00,  -1.54E-010, 
  5.10,  -1.33E-010, 
  5.20,  -1.31E-011, 
  5.30,   3.06E-011, 
  5.40,   1.31E-010, 
  5.50,   1.51E-010, 
  5.60,   1.17E-010, 
  5.70,   1.03E-010, 
  5.80,   8.30E-011, 
  5.90,   1.94E-010, 
  6.00,   3.77E-010, 
  6.10,   4.22E-010, 
  6.20,   4.08E-010, 
  6.30,   3.54E-010, 
  6.40,   3.29E-010, 
  6.50,   2.06E-010, 
  6.60,   7.42E-011, 
  6.70,  -4.69E-011, 
  6.80,  -3.60E-011, 
  6.90,   2.29E-011, 
  7.00,   8.08E-011, 
  7.10,   2.13E-010, 
  7.20,   3.50E-010, 
  7.30,   2.78E-010, 
  7.40,   1.77E-010, 
  7.50,   2.35E-010, 
  7.60,   2.85E-010, 
  7.70,   5.86E-010, 
  7.80,   8.93E-010, 
  7.90,   1.35E-009, 
  8.00,   1.66E-009, 
  8.10,   1.85E-009, 
  8.20,   1.94E-009, 
  8.30,   2.03E-009, 
  8.40,   1.72E-009, 
  8.50,   1.36E-009, 
  8.60,   1.14E-009, 
  8.70,   8.07E-010, 
  8.80,   7.00E-010, 
  8.90,   6.21E-010, 
  9.00,   5.31E-010, 
  9.10,   3.54E-010, 
  9.20,   2.52E-010, 
  9.30,   2.11E-010, 
  9.40,   2.85E-010, 
  9.50,   1.48E-010, 
  9.60,   1.34E-010, 
  9.70,   1.51E-010, 
  9.80,   2.30E-010, 
  9.90,   4.19E-010, 
 10.00,   4.74E-010, 
 10.10,   4.86E-010, 
 10.20,   4.10E-010, 
 10.30,   3.08E-010, 
 10.40,   2.67E-010, 
 10.50,   2.42E-010, 
 10.60,   2.57E-010, 
 10.70,   3.97E-010, 
 10.80,   4.45E-010, 
 10.90,   5.90E-010, 
 11.00,   8.96E-010, 
 11.10,   1.38E-009, 
 11.20,   2.27E-009, 
 11.30,   5.05E-009, 
 11.40,   9.34E-009, 
 11.50,   1.79E-008, 
 11.60,   6.96E-008, 
 11.70,   2.80E-007, 
 11.80,   4.16E-007, 
 11.90,   5.20E-007, 
 12.00,   5.61E-007, 
 12.10,   5.84E-007, 
 12.20,   5.26E-007, 
 12.30,   4.25E-007, 
 12.40,   1.20E-007, 
 12.50,   2.70E-008, 
 12.60,   1.87E-008, 
 12.70,   3.81E-008, 
 12.80,   7.55E-008, 
 12.90,   1.07E-007, 
 13.00,   1.26E-007, 
 13.10,   1.31E-007, 
 13.20,   1.31E-007, 
 13.30,   1.15E-007, 
 13.40,   6.46E-008, 
 13.50,   3.03E-008, 
 13.60,   4.26E-008, 
 13.70,   1.89E-007, 
 13.80,   3.56E-007, 
 13.90,   4.62E-007, 
 14.00,   5.22E-007, 
 14.10,   5.35E-007, 
 14.20,   5.23E-007, 
 14.30,   4.47E-007, 
 14.40,   2.04E-007, 
 14.50,   5.46E-008, 
 14.60,   7.76E-008, 
 14.70,   4.01E-007, 
 14.80,   8.08E-007, 
 14.90,   1.06E-006, 
 15.00,   1.25E-006, 
 15.10,   1.25E-006, 
 15.20,   1.28E-006, 
 15.30,   1.08E-006, 
 15.40,   5.36E-007, 
 15.50,   1.05E-007, 
 15.60,   1.93E-007, 
 15.70,   8.94E-007, 
 15.80,   1.66E-006, 
 15.90,   2.18E-006, 
 16.00,   2.48E-006, 
 16.10,   2.53E-006, 
 16.20,   2.52E-006, 
 16.30,   2.16E-006, 
 16.40,   9.74E-007, 
 16.50,   3.17E-007, 
 16.60,   7.90E-007, 
 16.70,   3.58E-006, 
 16.80,   6.64E-006, 
 16.90,   8.80E-006, 
 17.00,   1.00E-005, 
 17.10,   1.03E-005, 
 17.20,   1.03E-005, 
 17.30,   8.81E-006, 
 17.40,   3.84E-006, 
 17.50,   1.35E-006, 
 17.60,   3.01E-006, 
 17.70,   1.18E-005, 
 17.80,   2.65E-005, 
 17.90,   3.72E-005, 
 18.00,   4.47E-005, 
 18.10,   4.48E-005, 
 18.20,   4.73E-005, 
 18.30,   4.05E-005, 
 18.40,   1.90E-005, 
 18.50,   4.73E-007, 
 18.60,   9.37E-008, 
 18.70,   1.29E-007, 
 18.80,   3.60E-007, 
 18.90,   5.22E-007, 
 19.00,   6.41E-007, 
 19.10,   6.44E-007, 
 19.20,   7.10E-007, 
 19.30,   6.10E-007, 
 19.40,   3.85E-007, 
 19.50,   5.94E-008, 
 19.60,   2.24E-008, 
 19.70,   2.00E-008, 
 19.80,   3.90E-008, 
 19.90,   6.70E-008, 
 20.00,   8.92E-008, 
 20.10,   9.46E-008, 
 20.20,   1.04E-007, 
 20.30,   9.51E-008, 
 20.40,   7.55E-008, 
 20.50,   2.92E-008, 
 20.60,   1.39E-008, 
 20.70,   9.22E-009, 
 20.80,   7.83E-009, 
 20.90,   7.60E-009, 
 21.00,   6.86E-009, 
 21.10,   6.17E-009, 
 21.20,   6.35E-009, 
 21.30,   6.47E-009, 
 21.40,   6.22E-009, 
 21.50,   5.04E-009, 
 21.60,   4.74E-009, 
 21.70,   7.62E-009, 
 21.80,   2.35E-008, 
 21.90,   5.11E-008, 
 22.00,   7.48E-008, 
 22.10,   8.08E-008, 
 22.20,   9.01E-008, 
 22.30,   8.16E-008, 
 22.40,   6.40E-008, 
 22.50,   2.45E-008, 
 22.60,   1.10E-008, 
 22.70,   6.15E-009, 
 22.80,   3.88E-009, 
 22.90,   2.57E-009, 
 23.00,   2.04E-009, 
 23.10,   1.71E-009, 
 23.20,   1.55E-009, 
 23.30,   1.47E-009, 
 23.40,   1.43E-009, 
 23.50,   1.38E-009, 
 23.60,   1.52E-009, 
 23.70,   2.27E-009, 
 23.80,   5.92E-009, 
 23.90,   1.23E-008, 
 24.00,   1.97E-008, 
 24.10,   2.46E-008, 
 24.20,   2.81E-008, 
 24.30,   2.87E-008, 
 24.40,   2.62E-008, 
 24.50,   1.60E-008, 
 24.60,   9.72E-009, 
 24.70,   9.17E-009, 
 24.80,   1.87E-008, 
 24.90,   4.68E-008, 
 25.00,   8.14E-008, 
 25.10,   9.75E-008, 
 25.20,   1.06E-007, 
 25.30,   1.04E-007, 
 25.40,   9.58E-008, 
 25.50,   4.83E-008, 
 25.60,   2.96E-008, 
 25.70,   3.87E-008, 
 25.80,   1.33E-007, 
 25.90,   3.59E-007, 
 26.00,   5.33E-007, 
 26.10,   5.80E-007, 
 26.20,   6.24E-007, 
 26.30,   5.84E-007, 
 26.40,   5.26E-007, 
 26.50,   1.63E-007, 
 26.60,   4.42E-008, 
 26.70,   4.65E-008, 
 26.80,   1.42E-007, 
 26.90,   4.24E-007, 
 27.00,   6.64E-007, 
 27.10,   7.62E-007, 
 27.20,   8.25E-007, 
 27.30,   8.21E-007, 
 27.40,   8.10E-007, 
 27.50,   4.62E-007, 
 27.60,   4.83E-007, 
 27.70,   1.05E-006, 
 27.80,   3.78E-006, 
 27.90,   8.72E-006, 
 28.00,   1.28E-005, 
 28.10,   1.38E-005, 
 28.20,   1.50E-005, 
 28.30,   1.35E-005, 
 28.40,   1.19E-005, 
 28.50,   1.88E-006, 
 28.60,   1.17E-007, 
 28.70,   9.74E-008, 
 28.80,   2.92E-007, 
 28.90,   8.51E-007, 
 29.00,   1.39E-006, 
 29.10,   1.62E-006, 
 29.20,   1.74E-006, 
 29.30,   1.65E-006, 
 29.40,   1.50E-006, 
 29.50,   4.78E-007, 
 29.60,   6.12E-008, 
 29.70,   4.29E-008, 
 29.80,   1.01E-007, 
 29.90,   3.88E-007, 
 30.00,   6.90E-007, 
 30.10,   8.30E-007, 
 30.20,   8.92E-007, 
 30.30,   8.53E-007, 
 30.40,   7.87E-007, 
 30.50,   3.18E-007, 
 30.60,   4.25E-008, 
 30.70,   1.78E-008, 
 30.80,   1.51E-008, 
 30.90,   3.27E-008, 
 31.00,   7.91E-008, 
 31.10,   1.26E-007, 
 31.20,   1.40E-007, 
 31.30,   1.49E-007, 
 31.40,   1.37E-007, 
 31.50,   9.49E-008, 
 31.60,   3.38E-008, 
 31.70,   2.51E-008, 
 31.80,   4.38E-008, 
 31.90,   1.72E-007, 
 32.00,   3.50E-007, 
 32.10,   4.37E-007, 
 32.20,   4.74E-007, 
 32.30,   4.55E-007, 
 32.40,   4.20E-007, 
 32.50,   1.77E-007, 
 32.60,   3.31E-008, 
 32.70,   1.39E-008, 
 32.80,   8.62E-009, 
 32.90,   9.27E-009, 
 33.00,   1.47E-008, 
 33.10,   2.18E-008, 
 33.20,   2.69E-008, 
 33.30,   2.99E-008, 
 33.40,   2.93E-008, 
 33.50,   2.23E-008, 
 33.60,   1.18E-008, 
 33.70,   7.52E-009, 
 33.80,   6.89E-009, 
 33.90,   1.30E-008, 
 34.00,   3.03E-008, 
 34.10,   5.23E-008, 
 34.20,   6.41E-008, 
 34.30,   6.89E-008, 
 34.40,   6.41E-008, 
 34.50,   4.53E-008, 
 34.60,   1.77E-008, 
 34.70,   8.37E-009, 
 34.80,   4.63E-009, 
 34.90,   2.67E-009, 
 35.00,   2.86E-009, 
 35.10,   3.25E-009, 
 35.20,   3.94E-009, 
 35.30,   4.72E-009, 
 35.40,   4.46E-009, 
 35.50,   3.66E-009, 
 35.60,   2.11E-009, 
 35.70,   1.70E-009, 
 35.80,   1.67E-009, 
 35.90,   2.84E-009, 
 36.00,   6.73E-009, 
 36.10,   1.11E-008, 
 36.20,   1.50E-008, 
 36.30,   1.82E-008, 
 36.40,   1.87E-008, 
 36.50,   1.62E-008, 
 36.60,   9.39E-009, 
 36.70,   5.75E-009, 
 36.80,   4.56E-009, 
 36.90,   5.77E-009, 
 37.00,   1.23E-008, 
 37.10,   2.37E-008, 
 37.20,   3.49E-008, 
 37.30,   4.35E-008, 
 37.40,   4.40E-008, 
 37.50,   3.96E-008, 
 37.60,   2.09E-008, 
 37.70,   1.09E-008, 
 37.80,   9.04E-009, 
 37.90,   1.07E-008, 
 38.00,   2.31E-008, 
 38.10,   5.01E-008, 
 38.20,   7.45E-008, 
 38.30,   9.16E-008, 
 38.40,   9.01E-008, 
 38.50,   8.13E-008, 
 38.60,   4.04E-008, 
 38.70,   2.20E-008, 
 38.80,   2.26E-008, 
 38.90,   3.74E-008, 
 39.00,   1.29E-007, 
 39.10,   2.90E-007, 
 39.20,   3.76E-007, 
 39.30,   4.51E-007, 
 39.40,   4.20E-007, 
 39.50,   3.77E-007, 
 39.60,   1.26E-007, 
 39.70,   3.07E-008, 
 39.80,   1.86E-008, 
 39.90,   2.02E-008, 
 40.00,   4.77E-008, 
 40.10,   1.27E-007, 
 40.20,   1.91E-007, 
 40.30,   2.35E-007, 
 40.40,   2.33E-007, 
 40.50,   2.11E-007, 
 40.60,   1.01E-007, 
 40.70,   3.55E-008, 
 40.80,   3.15E-008, 
 40.90,   4.80E-008, 
 41.00,   1.51E-007, 
 41.10,   4.12E-007, 
 41.20,   5.89E-007, 
 41.30,   7.21E-007, 
 41.40,   7.33E-007, 
 41.50,   6.76E-007, 
 41.60,   3.08E-007, 
 41.70,   5.35E-008, 
 41.80,   2.75E-008, 
 41.90,   3.12E-008, 
 42.00,   7.84E-008, 
 42.10,   2.45E-007, 
 42.20,   3.73E-007, 
 42.30,   4.72E-007, 
 42.40,   4.89E-007, 
 42.50,   4.51E-007, 
 42.60,   2.27E-007, 
 42.70,   5.20E-008, 
 42.80,   3.15E-008, 
 42.90,   4.02E-008, 
 43.00,   9.65E-008, 
 43.10,   3.01E-007, 
 43.20,   4.71E-007, 
 43.30,   6.01E-007, 
 43.40,   6.52E-007, 
 43.50,   6.27E-007, 
 43.60,   3.89E-007, 
 43.70,   1.94E-007, 
 43.80,   3.25E-007, 
 43.90,   5.81E-007, 
 44.00,   1.92E-006, 
 44.10,   4.19E-006, 
 44.20,   5.55E-006, 
 44.30,   7.28E-006, 
 44.40,   6.72E-006, 
 44.50,   6.18E-006, 
 44.60,   1.36E-006, 
 44.70,   8.54E-008, 
 44.80,   2.59E-008, 
 44.90,   1.96E-008, 
 45.00,   3.03E-008, 
 45.10,   8.74E-008, 
 45.20,   1.58E-007, 
 45.30,   2.15E-007, 
 45.40,   2.42E-007, 
 45.50,   2.30E-007, 
 45.60,   1.40E-007, 
 45.70,   3.80E-008, 
 45.80,   1.48E-008, 
 45.90,   8.74E-009, 
 46.00,   7.42E-009, 
 46.10,   1.22E-008, 
 46.20,   2.22E-008, 
 46.30,   3.40E-008, 
 46.40,   4.52E-008, 
 46.50,   4.67E-008, 
 46.60,   3.74E-008, 
 46.70,   1.76E-008, 
 46.80,   9.08E-009, 
 46.90,   6.11E-009, 
 47.00,   5.54E-009, 
 47.10,   9.36E-009, 
 47.20,   1.77E-008, 
 47.30,   2.73E-008, 
 47.40,   3.72E-008, 
 47.50,   3.93E-008, 
 47.60,   3.31E-008, 
 47.70,   1.68E-008, 
 47.80,   9.51E-009, 
 47.90,   7.48E-009, 
 48.00,   8.95E-009, 
 48.10,   1.95E-008, 
 48.20,   3.93E-008, 
 48.30,   6.11E-008, 
 48.40,   7.71E-008, 
 48.50,   7.65E-008, 
 48.60,   5.42E-008, 
 48.70,   2.19E-008, 
 48.80,   9.94E-009, 
 48.90,   5.73E-009, 
 49.00,   3.46E-009, 
 49.10,   3.06E-009, 
 49.20,   5.18E-009, 
 49.30,   7.26E-009, 
 49.40,   9.70E-009, 
 49.50,   1.11E-008, 
 49.60,   1.11E-008, 
 49.70,   7.46E-009, 
 49.80,   4.98E-009, 
 49.90,   3.49E-009, 
 50.00,   3.22E-009, 
 50.10,   6.65E-009, 
 50.20,   1.34E-008, 
 50.30,   2.25E-008, 
 50.40,   3.37E-008, 
 50.50,   3.89E-008, 
 50.60,   3.79E-008, 
 50.70,   2.15E-008, 
 50.80,   1.06E-008, 
 50.90,   6.42E-009, 
 51.00,   4.99E-009, 
 51.10,   5.71E-009, 
 51.20,   1.11E-008, 
 51.30,   1.92E-008, 
 51.40,   2.97E-008, 
 51.50,   3.66E-008, 
 51.60,   3.86E-008, 
 51.70,   2.44E-008, 
 51.80,   1.19E-008, 
 51.90,   6.99E-009, 
 52.00,   5.00E-009, 
 52.10,   5.04E-009, 
 52.20,   9.28E-009, 
 52.30,   1.66E-008, 
 52.40,   2.60E-008, 
 52.50,   3.35E-008, 
 52.60,   3.63E-008, 
 52.70,   2.56E-008, 
 52.80,   1.27E-008, 
 52.90,   7.53E-009, 
 53.00,   6.06E-009, 
 53.10,   6.33E-009, 
 53.20,   1.19E-008, 
 53.30,   2.36E-008, 
 53.40,   3.87E-008, 
 53.50,   5.19E-008, 
 53.60,   5.54E-008, 
 53.70,   4.01E-008, 
 53.80,   1.81E-008, 
 53.90,   9.83E-009, 
 54.00,   7.35E-009, 
 54.10,   7.24E-009, 
 54.20,   1.30E-008, 
 54.30,   2.79E-008, 
 54.40,   4.73E-008, 
 54.50,   6.56E-008, 
 54.60,   7.12E-008, 
 54.70,   5.66E-008, 
 54.80,   2.43E-008, 
 54.90,   1.28E-008, 
 55.00,   1.01E-008, 
 55.10,   1.15E-008, 
 55.20,   2.25E-008, 
 55.30,   5.48E-008, 
 55.40,   9.36E-008, 
 55.50,   1.30E-007, 
 55.60,   1.37E-007, 
 55.70,   1.04E-007, 
 55.80,   3.68E-008, 
 55.90,   1.67E-008, 
 56.00,   1.21E-008, 
 56.10,   1.31E-008, 
 56.20,   2.37E-008, 
 56.30,   6.50E-008, 
 56.40,   1.15E-007, 
 56.50,   1.63E-007, 
 56.60,   1.74E-007, 
 56.70,   1.44E-007, 
 56.80,   4.87E-008, 
 56.90,   1.85E-008, 
 57.00,   1.12E-008, 
 57.10,   9.99E-009, 
 57.20,   1.44E-008, 
 57.30,   3.42E-008, 
 57.40,   6.24E-008, 
 57.50,   9.47E-008, 
 57.60,   1.07E-007, 
 57.70,   9.62E-008, 
 57.80,   4.00E-008, 
 57.90,   1.65E-008, 
 58.00,   9.70E-009, 
 58.10,   7.81E-009, 
 58.20,   9.90E-009, 
 58.30,   2.12E-008, 
 58.40,   3.84E-008, 
 58.50,   5.89E-008, 
 58.60,   6.92E-008, 
 58.70,   6.52E-008, 
 58.80,   3.04E-008, 
 58.90,   1.31E-008, 
 59.00,   7.11E-009, 
 59.10,   4.66E-009, 
 59.20,   3.24E-009, 
 59.30,   4.92E-009, 
 59.40,   7.16E-009, 
 59.50,   1.00E-008, 
 59.60,   1.23E-008, 
 59.70,   1.34E-008, 
 59.80,   9.59E-009, 
 59.90,   5.59E-009, 
 60.00,   3.18E-009, 
 60.10,   2.46E-009, 
 60.20,   2.94E-009, 
 60.30,   5.82E-009, 
 60.40,   8.49E-009, 
 60.50,   1.18E-008, 
 60.60,   1.46E-008, 
 60.70,   1.44E-008, 
 60.80,   9.04E-009, 
 60.90,   5.18E-009, 
 61.00,   2.56E-009, 
 61.10,   1.88E-009, 
 61.20,   1.57E-009, 
 61.30,   1.76E-009, 
 61.40,   2.19E-009, 
 61.50,   2.70E-009, 
 61.60,   3.37E-009, 
 61.70,   3.55E-009, 
 61.80,   2.76E-009, 
 61.90,   2.04E-009, 
 62.00,   1.39E-009, 
 62.10,   1.21E-009, 
 62.20,   1.28E-009, 
 62.30,   1.74E-009, 
 62.40,   2.42E-009, 
 62.50,   3.23E-009, 
 62.60,   4.50E-009, 
 62.70,   5.11E-009, 
 62.80,   3.61E-009, 
 62.90,   2.10E-009, 
 63.00,   1.52E-009, 
 63.10,   1.25E-009, 
 63.20,   1.29E-009, 
 63.30,   1.50E-009, 
 63.40,   2.22E-009, 
 63.50,   2.92E-009, 
 63.60,   4.13E-009, 
 63.70,   4.96E-009, 
 63.80,   4.32E-009, 
 63.90,   3.20E-009, 
 64.00,   3.82E-009, 
 64.10,   5.78E-009, 
 64.20,   9.93E-009, 
 64.30,   2.41E-008, 
 64.40,   4.44E-008, 
 64.50,   6.28E-008, 
 64.60,   7.63E-008, 
 64.70,   5.68E-008, 
 64.80,   2.31E-008, 
 64.90,   1.05E-008, 
 65.00,   5.78E-009, 
