#Dec 02, 2016  02:48:29 PM
#Residual Gas Analyzer Software 
#RGA Software Version, 3.211.002

#Pressure vs Time Scan Setup:

#Active channels in Scan, 4 
#Units, Torr
#Sample Period, 1.00, sec
#Focus Voltage, 90, Volts 
#Ion Energy, HIGH 
#Electron Energy, 70, eV 
#CEM Voltage, 1000, Volts
#CEM Gain, 1.00E+006 
#Sensitivity Factor, 9.16E-005 
#Filament Current, 1.00, mAmps
#Start time, Dec 02, 2016  02:48:29 PM 
#Channel,  Mass(amu),     Name,                 Cal Factor,  Noise Floor, CEM Status

#1         28.00          Nitrogen              1.00         3            OFF
#2         2.00           Hydrogen              1.00         3            OFF
#3         18.00          Water                 1.00         3            OFF
#4         44.00          Carbon dioxide        1.00         3            OFF


#Time(s)      Channel#1   Channel#2   Channel#3   Channel#4   

0.000,   4.1119E-006,   5.6446E-006,   1.8455E-005,   2.2922E-006,  
2.028,   4.0941E-006,   5.6631E-006,   1.8499E-005,   2.2898E-006,  
4.041,   4.1040E-006,   5.6373E-006,   1.8414E-005,   2.2841E-006,  
6.069,   4.0661E-006,   5.6199E-006,   1.8349E-005,   2.2823E-006,  
8.097,   4.0782E-006,   5.6403E-006,   1.8394E-005,   2.2983E-006,  
10.125,   4.0718E-006,   5.6105E-006,   1.8502E-005,   2.2740E-006,  
12.168,   4.0629E-006,   5.6092E-006,   1.8428E-005,   2.2740E-006,  
14.196,   4.0681E-006,   5.5938E-006,   1.8363E-005,   2.2830E-006,  
16.209,   4.0516E-006,   5.6017E-006,   1.8410E-005,   2.2695E-006,  
18.237,   4.0550E-006,   5.5904E-006,   1.8310E-005,   2.2699E-006,  
20.265,   4.0508E-006,   5.5589E-006,   1.8349E-005,   2.2669E-006,  
22.293,   4.0229E-006,   5.5572E-006,   1.8186E-005,   2.2654E-006,  
24.321,   4.0409E-006,   5.5828E-006,   1.8261E-005,   2.2486E-006,  
26.349,   4.0244E-006,   5.5006E-006,   1.8267E-005,   2.2431E-006,  
28.377,   4.0034E-006,   5.5132E-006,   1.8108E-005,   2.2361E-006,  
30.421,   4.0017E-006,   5.5229E-006,   1.8270E-005,   2.2425E-006,  
32.449,   3.9952E-006,   5.5017E-006,   1.8131E-005,   2.2400E-006,  
34.477,   3.9685E-006,   5.5136E-006,   1.8203E-005,   2.2325E-006,  
36.489,   3.9911E-006,   5.4986E-006,   1.8270E-005,   2.2354E-006,  
38.517,   3.9679E-006,   5.5010E-006,   1.8225E-005,   2.2364E-006,  
40.561,   3.9675E-006,   5.4868E-006,   1.8121E-005,   2.2152E-006,  
42.589,   3.9581E-006,   5.4751E-006,   1.8197E-005,   2.2187E-006,  
44.601,   3.9710E-006,   5.5011E-006,   1.8070E-005,   2.2203E-006,  
46.629,   3.9321E-006,   5.4388E-006,   1.8135E-005,   2.2162E-006,  
48.688,   3.9182E-006,   5.4331E-006,   1.8191E-005,   2.2310E-006,  
50.685,   3.9157E-006,   5.4434E-006,   1.8030E-005,   2.2087E-006,  
52.713,   3.9008E-006,   5.4024E-006,   1.7943E-005,   2.2170E-006,  
54.757,   3.8923E-006,   5.4279E-006,   1.7994E-005,   2.2057E-006,  
56.769,   3.8745E-006,   5.4013E-006,   1.7857E-005,   2.2075E-006,  
58.844,   3.8832E-006,   5.3984E-006,   1.7924E-005,   2.2069E-006,  
60.841,   3.8885E-006,   5.3887E-006,   1.7937E-005,   2.1966E-006,  
62.853,   3.8742E-006,   5.3967E-006,   1.7882E-005,   2.1822E-006,  
64.897,   3.8651E-006,   5.3760E-006,   1.7901E-005,   2.1846E-006,  
66.925,   3.8752E-006,   5.3648E-006,   1.7901E-005,   2.1712E-006,  
68.953,   3.8508E-006,   5.3764E-006,   1.7861E-005,   2.1794E-006,  
70.965,   3.8265E-006,   5.3600E-006,   1.7782E-005,   2.1759E-006,  
72.993,   3.8416E-006,   5.3428E-006,   1.7705E-005,   2.1619E-006,  
75.021,   3.8264E-006,   5.3584E-006,   1.7830E-005,   2.1705E-006,  
77.049,   3.8065E-006,   5.3521E-006,   1.7791E-005,   2.1617E-006,  
79.077,   3.8015E-006,   5.2997E-006,   1.7731E-005,   2.1509E-006,  
81.105,   3.8210E-006,   5.3327E-006,   1.7746E-005,   2.1649E-006,  
83.133,   3.8118E-006,   5.2987E-006,   1.7716E-005,   2.1489E-006,  
85.161,   3.7921E-006,   5.3228E-006,   1.7596E-005,   2.1426E-006,  
87.220,   3.8015E-006,   5.2953E-006,   1.7660E-005,   2.1482E-006,  
89.264,   3.7801E-006,   5.2889E-006,   1.7712E-005,   2.1290E-006,  
91.245,   3.7645E-006,   5.2779E-006,   1.7600E-005,   2.1385E-006,  
93.273,   3.7594E-006,   5.2635E-006,   1.7621E-005,   2.1234E-006,  
95.301,   3.7778E-006,   5.2752E-006,   1.7586E-005,   2.1282E-006,  
97.376,   3.7670E-006,   5.2492E-006,   1.7525E-005,   2.1233E-006,  
99.373,   3.7599E-006,   5.2485E-006,   1.7605E-005,   2.1106E-006,  
101.385,   3.7348E-006,   5.2671E-006,   1.7436E-005,   2.1241E-006,  
103.429,   3.7195E-006,   5.2419E-006,   1.7556E-005,   2.1168E-006,  
105.457,   3.7469E-006,   5.2538E-006,   1.7506E-005,   2.1106E-006,  
107.485,   3.7051E-006,   5.2278E-006,   1.7564E-005,   2.1086E-006,  
109.497,   3.7035E-006,   5.2070E-006,   1.7492E-005,   2.0970E-006,  
111.525,   3.6931E-006,   5.2169E-006,   1.7455E-005,   2.1089E-006,  
113.553,   3.6984E-006,   5.2181E-006,   1.7407E-005,   2.0979E-006,  
115.581,   3.6763E-006,   5.2303E-006,   1.7407E-005,   2.1006E-006,  
117.625,   3.6932E-006,   5.1921E-006,   1.7394E-005,   2.0915E-006,  
119.653,   3.6826E-006,   5.1607E-006,   1.7439E-005,   2.1011E-006,  
121.666,   3.6654E-006,   5.1646E-006,   1.7393E-005,   2.0832E-006,  
123.709,   3.6540E-006,   5.1679E-006,   1.7322E-005,   2.0737E-006,  
125.815,   3.6473E-006,   5.1472E-006,   1.7330E-005,   2.0742E-006,  
127.750,   3.6534E-006,   5.1779E-006,   1.7264E-005,   2.0831E-006,  
129.778,   3.6527E-006,   5.1345E-006,   1.7289E-005,   2.0744E-006,  
131.884,   3.6393E-006,   5.1653E-006,   1.7282E-005,   2.0714E-006,  
133.834,   3.6056E-006,   5.1346E-006,   1.7226E-005,   2.0679E-006,  
135.862,   3.6318E-006,   5.1426E-006,   1.7181E-005,   2.0628E-006,  
137.890,   3.6068E-006,   5.1383E-006,   1.7243E-005,   2.0577E-006,  
139.918,   3.5927E-006,   5.1175E-006,   1.7189E-005,   2.0477E-006,  
141.977,   3.5734E-006,   5.1076E-006,   1.7197E-005,   2.0645E-006,  
143.989,   3.5976E-006,   5.1221E-006,   1.7178E-005,   2.0454E-006,  
146.002,   3.5768E-006,   5.1131E-006,   1.7130E-005,   2.0455E-006,  
148.030,   3.5746E-006,   5.1094E-006,   1.7129E-005,   2.0483E-006,  
150.058,   3.5609E-006,   5.0969E-006,   1.7172E-005,   2.0384E-006,  
152.086,   3.5485E-006,   5.0679E-006,   1.7184E-005,   2.0304E-006,  
154.114,   3.5720E-006,   5.0691E-006,   1.7213E-005,   2.0243E-006,  
156.142,   3.5573E-006,   5.0859E-006,   1.7070E-005,   2.0386E-006,  
158.170,   3.5457E-006,   5.0767E-006,   1.7051E-005,   2.0260E-006,  
160.198,   3.5457E-006,   5.0817E-006,   1.7018E-005,   2.0296E-006,  
162.226,   3.5365E-006,   5.0452E-006,   1.6977E-005,   2.0192E-006,  
164.254,   3.4997E-006,   5.0374E-006,   1.6954E-005,   2.0105E-006,  
166.297,   3.5262E-006,   5.0284E-006,   1.6925E-005,   2.0147E-006,  
168.310,   3.5172E-006,   5.0559E-006,   1.6894E-005,   2.0191E-006,  
170.338,   3.5151E-006,   5.0266E-006,   1.6932E-005,   2.0144E-006,  
172.366,   3.4928E-006,   5.0028E-006,   1.7064E-005,   2.0062E-006,  
174.394,   3.4880E-006,   4.9926E-006,   1.6774E-005,   2.0052E-006,  
176.422,   3.4879E-006,   4.9969E-006,   1.6788E-005,   1.9797E-006,  
178.450,   3.4478E-006,   4.9669E-006,   1.6776E-005,   1.9695E-006,  
180.478,   3.4671E-006,   4.9274E-006,   1.6646E-005,   1.9720E-006,  
182.506,   3.4396E-006,   4.9445E-006,   1.6531E-005,   1.9634E-006,  
184.534,   3.4311E-006,   4.8969E-006,   1.6508E-005,   1.9516E-006,  
186.562,   3.3911E-006,   4.8658E-006,   1.6483E-005,   1.9565E-006,  
188.606,   3.4192E-006,   4.8585E-006,   1.6414E-005,   1.9471E-006,  
190.634,   3.3912E-006,   4.8405E-006,   1.6361E-005,   1.9340E-006,  
192.646,   3.3933E-006,   4.8119E-006,   1.6313E-005,   1.9385E-006,  
194.674,   3.3703E-006,   4.8081E-006,   1.6209E-005,   1.9330E-006,  
196.733,   3.3604E-006,   4.7987E-006,   1.6147E-005,   1.9154E-006,  
198.730,   3.3434E-006,   4.7812E-006,   1.6097E-005,   1.9190E-006,  
200.774,   3.3487E-006,   4.7696E-006,   1.6073E-005,   1.9085E-006,  
202.802,   3.3074E-006,   4.7223E-006,   1.5923E-005,   1.9024E-006,  
204.814,   3.3336E-006,   4.7314E-006,   1.5973E-005,   1.8995E-006,  
206.858,   3.2935E-006,   4.7264E-006,   1.5855E-005,   1.8926E-006,  
208.886,   3.2963E-006,   4.7103E-006,   1.5882E-005,   1.8949E-006,  
210.898,   3.2918E-006,   4.6860E-006,   1.5861E-005,   1.8745E-006,  
212.942,   3.2698E-006,   4.6874E-006,   1.5756E-005,   1.8798E-006,  
214.970,   3.2753E-006,   4.6829E-006,   1.5792E-005,   1.8704E-006,  
216.982,   3.2631E-006,   4.6670E-006,   1.5770E-005,   1.8587E-006,  
219.010,   3.2404E-006,   4.6489E-006,   1.5698E-005,   1.8573E-006,  
221.038,   3.2335E-006,   4.6357E-006,   1.5599E-005,   1.8649E-006,  
223.082,   3.2489E-006,   4.6220E-006,   1.5609E-005,   1.8476E-006,  
225.094,   3.2356E-006,   4.6095E-006,   1.5590E-005,   1.8473E-006,  
227.122,   3.1906E-006,   4.5779E-006,   1.5571E-005,   1.8345E-006,  
229.150,   3.2019E-006,   4.5936E-006,   1.5501E-005,   1.8381E-006,  
231.178,   3.1965E-006,   4.5859E-006,   1.5433E-005,   1.8412E-006,  
233.222,   3.1954E-006,   4.5733E-006,   1.5420E-005,   1.8332E-006,  
235.250,   3.1878E-006,   4.5509E-006,   1.5370E-005,   1.8281E-006,  
237.262,   3.1738E-006,   4.5357E-006,   1.5359E-005,   1.8233E-006,  
239.290,   3.1645E-006,   4.5398E-006,   1.5347E-005,   1.8174E-006,  
241.318,   3.1503E-006,   4.5242E-006,   1.5324E-005,   1.8145E-006,  
243.362,   3.1524E-006,   4.5196E-006,   1.5270E-005,   1.8092E-006,  
245.374,   3.1489E-006,   4.5193E-006,   1.5211E-005,   1.8050E-006,  
247.402,   3.1311E-006,   4.4942E-006,   1.5181E-005,   1.7912E-006,  
249.430,   3.1135E-006,   4.4920E-006,   1.5219E-005,   1.8054E-006,  
251.458,   3.1220E-006,   4.4978E-006,   1.5197E-005,   1.7935E-006,  
253.486,   3.1100E-006,   4.4707E-006,   1.5098E-005,   1.7900E-006,  
255.514,   3.0962E-006,   4.4622E-006,   1.5074E-005,   1.7967E-006,  
257.542,   3.1036E-006,   4.4538E-006,   1.5047E-005,   1.7801E-006,  
259.586,   3.0927E-006,   4.4401E-006,   1.5031E-005,   1.7712E-006,  
261.598,   3.0813E-006,   4.4322E-006,   1.4985E-005,   1.7755E-006,  
263.626,   3.0667E-006,   4.4132E-006,   1.5008E-005,   1.7652E-006,  
265.654,   3.0727E-006,   4.4197E-006,   1.4903E-005,   1.7680E-006,  
267.682,   3.0606E-006,   4.3935E-006,   1.4845E-005,   1.7599E-006,  
269.710,   3.0562E-006,   4.4257E-006,   1.4785E-005,   1.7616E-006,  
271.738,   3.0407E-006,   4.4086E-006,   1.4855E-005,   1.7500E-006,  
273.782,   3.0362E-006,   4.4029E-006,   1.4873E-005,   1.7562E-006,  
275.810,   3.0269E-006,   4.4013E-006,   1.4806E-005,   1.7487E-006,  
277.823,   3.0325E-006,   4.3605E-006,   1.4856E-005,   1.7488E-006,  
279.851,   3.0224E-006,   4.3385E-006,   1.4767E-005,   1.7431E-006,  
281.879,   3.0112E-006,   4.3598E-006,   1.4727E-005,   1.7466E-006,  
283.907,   3.0009E-006,   4.3341E-006,   1.4730E-005,   1.7358E-006,  
285.935,   3.0060E-006,   4.3613E-006,   1.4700E-005,   1.7375E-006,  
287.963,   3.0051E-006,   4.3548E-006,   1.4711E-005,   1.7369E-006,  
290.006,   3.0075E-006,   4.3476E-006,   1.4676E-005,   1.7224E-006,  
292.019,   2.9923E-006,   4.3087E-006,   1.4706E-005,   1.7352E-006,  
294.047,   2.9975E-006,   4.3339E-006,   1.4667E-005,   1.7239E-006,  
296.075,   2.9782E-006,   4.3026E-006,   1.4548E-005,   1.7243E-006,  
298.103,   2.9680E-006,   4.3025E-006,   1.4576E-005,   1.7148E-006,  
300.131,   2.9511E-006,   4.2983E-006,   1.4524E-005,   1.7183E-006,  
302.159,   2.9534E-006,   4.3061E-006,   1.4472E-005,   1.7066E-006,  
304.187,   2.9595E-006,   4.2804E-006,   1.4598E-005,   1.7085E-006,  
306.215,   2.9424E-006,   4.2726E-006,   1.4569E-005,   1.6973E-006,  
308.243,   2.9446E-006,   4.3060E-006,   1.4524E-005,   1.7090E-006,  
310.286,   2.9446E-006,   4.2832E-006,   1.4551E-005,   1.7004E-006,  
312.314,   2.9412E-006,   4.2636E-006,   1.4479E-005,   1.7070E-006,  
314.342,   2.9368E-006,   4.2824E-006,   1.4404E-005,   1.7039E-006,  
316.355,   2.9351E-006,   4.2606E-006,   1.4427E-005,   1.6858E-006,  
318.398,   2.9153E-006,   4.2362E-006,   1.4376E-005,   1.6889E-006,  
320.426,   2.9095E-006,   4.2317E-006,   1.4446E-005,   1.6906E-006,  
322.470,   2.9156E-006,   4.2416E-006,   1.4356E-005,   1.6849E-006,  
324.467,   2.9132E-006,   4.2185E-006,   1.4367E-005,   1.6869E-006,  
326.510,   2.8993E-006,   4.2502E-006,   1.4362E-005,   1.6795E-006,  
328.523,   2.8931E-006,   4.2163E-006,   1.4269E-005,   1.6727E-006,  
330.551,   2.8707E-006,   4.2160E-006,   1.4320E-005,   1.6833E-006,  
332.579,   2.8855E-006,   4.2177E-006,   1.4231E-005,   1.6735E-006,  
334.607,   2.8681E-006,   4.1925E-006,   1.4170E-005,   1.6602E-006,  
336.635,   2.8851E-006,   4.1988E-006,   1.4210E-005,   1.6666E-006,  
338.663,   2.8671E-006,   4.2059E-006,   1.4200E-005,   1.6640E-006,  
340.691,   2.8557E-006,   4.1651E-006,   1.4251E-005,   1.6573E-006,  
342.719,   2.8457E-006,   4.1815E-006,   1.4150E-005,   1.6615E-006,  
344.747,   2.8489E-006,   4.1875E-006,   1.4150E-005,   1.6584E-006,  
346.791,   2.8424E-006,   4.1740E-006,   1.4119E-005,   1.6596E-006,  
348.803,   2.8444E-006,   4.1787E-006,   1.4122E-005,   1.6501E-006,  
350.847,   2.8531E-006,   4.1400E-006,   1.4016E-005,   1.6521E-006,  
352.875,   2.8496E-006,   4.1512E-006,   1.4152E-005,   1.6556E-006,  
354.887,   2.8395E-006,   4.1435E-006,   1.4007E-005,   1.6504E-006,  
356.915,   2.8312E-006,   4.1456E-006,   1.4015E-005,   1.6523E-006,  
358.943,   2.8304E-006,   4.1431E-006,   1.4098E-005,   1.6450E-006,  
360.987,   2.8378E-006,   4.1195E-006,   1.3952E-005,   1.6427E-006,  
362.999,   2.8257E-006,   4.1332E-006,   1.4024E-005,   1.6400E-006,  
365.027,   2.8118E-006,   4.1266E-006,   1.3983E-005,   1.6439E-006,  
367.055,   2.7917E-006,   4.1321E-006,   1.3922E-005,   1.6319E-006,  
369.083,   2.8028E-006,   4.1044E-006,   1.3973E-005,   1.6293E-006,  
371.111,   2.7990E-006,   4.1036E-006,   1.3926E-005,   1.6221E-006,  
373.139,   2.8039E-006,   4.0888E-006,   1.3921E-005,   1.6249E-006,  
375.183,   2.8096E-006,   4.1013E-006,   1.3946E-005,   1.6182E-006,  
377.195,   2.8017E-006,   4.1053E-006,   1.3910E-005,   1.6190E-006,  
379.239,   2.7852E-006,   4.1006E-006,   1.3847E-005,   1.6226E-006,  
381.282,   2.7931E-006,   4.1016E-006,   1.3852E-005,   1.6263E-006,  
383.295,   2.7779E-006,   4.0820E-006,   1.3861E-005,   1.6161E-006,  
385.323,   2.7696E-006,   4.0789E-006,   1.3872E-005,   1.6214E-006,  
387.335,   2.7867E-006,   4.0793E-006,   1.3819E-005,   1.6244E-006,  
389.363,   2.7626E-006,   4.0708E-006,   1.3854E-005,   1.6076E-006,  
391.391,   2.7708E-006,   4.0570E-006,   1.3854E-005,   1.6104E-006,  
393.419,   2.7592E-006,   4.0642E-006,   1.3871E-005,   1.6133E-006,  
395.447,   2.7505E-006,   4.0423E-006,   1.3687E-005,   1.6080E-006,  
397.475,   2.7455E-006,   4.0582E-006,   1.3715E-005,   1.6060E-006,  
399.503,   2.7445E-006,   4.0415E-006,   1.3738E-005,   1.6062E-006,  
401.531,   2.7418E-006,   4.0370E-006,   1.3674E-005,   1.5982E-006,  
403.559,   2.7343E-006,   4.0275E-006,   1.3686E-005,   1.6005E-006,  
405.603,   2.7378E-006,   4.0205E-006,   1.3701E-005,   1.5973E-006,  
407.615,   2.7271E-006,   4.0150E-006,   1.3643E-005,   1.5914E-006,  
409.643,   2.7379E-006,   4.0240E-006,   1.3689E-005,   1.5934E-006,  
411.687,   2.7223E-006,   4.0358E-006,   1.3634E-005,   1.5883E-006,  
413.699,   2.7067E-006,   3.9682E-006,   1.3659E-005,   1.5902E-006,  
415.727,   2.7126E-006,   4.0216E-006,   1.3664E-005,   1.5870E-006,  
417.755,   2.7109E-006,   3.9893E-006,   1.3634E-005,   1.5886E-006,  
419.783,   2.7187E-006,   3.9960E-006,   1.3595E-005,   1.5887E-006,  
421.811,   2.7026E-006,   3.9865E-006,   1.3584E-005,   1.5795E-006,  
423.839,   2.7073E-006,   3.9636E-006,   1.3551E-005,   1.5762E-006,  
425.883,   2.6958E-006,   3.9695E-006,   1.3531E-005,   1.5824E-006,  
427.895,   2.6951E-006,   3.9950E-006,   1.3540E-005,   1.5710E-006,  
429.939,   2.6914E-006,   3.9607E-006,   1.3507E-005,   1.5681E-006,  
431.951,   2.6946E-006,   3.9574E-006,   1.3488E-005,   1.5772E-006,  
433.980,   2.6808E-006,   3.9453E-006,   1.3483E-005,   1.5593E-006,  
436.008,   2.6751E-006,   3.9618E-006,   1.3472E-005,   1.5660E-006,  
438.036,   2.6608E-006,   3.9571E-006,   1.3403E-005,   1.5662E-006,  
440.064,   2.6810E-006,   3.9540E-006,   1.3445E-005,   1.5634E-006,  
442.092,   2.6593E-006,   3.9414E-006,   1.3364E-005,   1.5540E-006,  
444.120,   2.6605E-006,   3.9253E-006,   1.3419E-005,   1.5634E-006,  
446.179,   2.6595E-006,   3.9390E-006,   1.3349E-005,   1.5613E-006,  
448.191,   2.6449E-006,   3.9390E-006,   1.3395E-005,   1.5584E-006,  
450.204,   2.6503E-006,   3.9243E-006,   1.3337E-005,   1.5567E-006,  
452.247,   2.6495E-006,   3.9355E-006,   1.3382E-005,   1.5622E-006,  
454.260,   2.6523E-006,   3.9234E-006,   1.3299E-005,   1.5464E-006,  
456.288,   2.6504E-006,   3.9382E-006,   1.3343E-005,   1.5545E-006,  
458.316,   2.6470E-006,   3.9286E-006,   1.3305E-005,   1.5513E-006,  
460.359,   2.6400E-006,   3.8994E-006,   1.3334E-005,   1.5527E-006,  
462.372,   2.6256E-006,   3.9111E-006,   1.3304E-005,   1.5425E-006,  
464.400,   2.6324E-006,   3.8947E-006,   1.3271E-005,   1.5429E-006,  
466.428,   2.6333E-006,   3.9018E-006,   1.3251E-005,   1.5377E-006,  
468.456,   2.6256E-006,   3.8886E-006,   1.3171E-005,   1.5457E-006,  
470.484,   2.6237E-006,   3.8768E-006,   1.3199E-005,   1.5409E-006,  
472.512,   2.6154E-006,   3.8845E-006,   1.3281E-005,   1.5364E-006,  
474.540,   2.6052E-006,   3.8814E-006,   1.3225E-005,   1.5371E-006,  
476.568,   2.6090E-006,   3.8785E-006,   1.3222E-005,   1.5311E-006,  
478.596,   2.6014E-006,   3.8594E-006,   1.3236E-005,   1.5342E-006,  
480.639,   2.6089E-006,   3.8632E-006,   1.3158E-005,   1.5368E-006,  
482.652,   2.5964E-006,   3.8925E-006,   1.3146E-005,   1.5256E-006,  
484.680,   2.6037E-006,   3.8417E-006,   1.3159E-005,   1.5334E-006,  
486.708,   2.6000E-006,   3.8483E-006,   1.3161E-005,   1.5240E-006,  
488.736,   2.5845E-006,   3.8391E-006,   1.3146E-005,   1.5261E-006,  
490.764,   2.5905E-006,   3.8380E-006,   1.3108E-005,   1.5197E-006,  
492.792,   2.5892E-006,   3.8501E-006,   1.3115E-005,   1.5163E-006,  
494.820,   2.5902E-006,   3.8410E-006,   1.2990E-005,   1.5162E-006,  
496.848,   2.5778E-006,   3.8537E-006,   1.2991E-005,   1.5129E-006,  
498.876,   2.5738E-006,   3.8073E-006,   1.2988E-005,   1.5124E-006,  
500.904,   2.5683E-006,   3.8044E-006,   1.2998E-005,   1.5165E-006,  
502.932,   2.5774E-006,   3.8216E-006,   1.3007E-005,   1.5051E-006,  
504.976,   2.5655E-006,   3.8216E-006,   1.2952E-005,   1.5040E-006,  
506.988,   2.5484E-006,   3.7980E-006,   1.2998E-005,   1.5105E-006,  
509.016,   2.5604E-006,   3.7940E-006,   1.2997E-005,   1.5075E-006,  
511.044,   2.5439E-006,   3.8097E-006,   1.2948E-005,   1.5018E-006,  
513.088,   2.5382E-006,   3.7857E-006,   1.2860E-005,   1.4975E-006,  
515.100,   2.5479E-006,   3.8198E-006,   1.2877E-005,   1.5009E-006,  
517.128,   2.5516E-006,   3.7784E-006,   1.2973E-005,   1.4950E-006,  
519.172,   2.5306E-006,   3.7705E-006,   1.2906E-005,   1.4983E-006,  
521.184,   2.5395E-006,   3.7783E-006,   1.2907E-005,   1.4981E-006,  
523.212,   2.5238E-006,   3.7727E-006,   1.2861E-005,   1.5001E-006,  
525.240,   2.5246E-006,   3.7581E-006,   1.2842E-005,   1.4977E-006,  
527.268,   2.5360E-006,   3.7802E-006,   1.2862E-005,   1.5030E-006,  
529.296,   2.5227E-006,   3.7723E-006,   1.2836E-005,   1.4925E-006,  
531.324,   2.5332E-006,   3.7597E-006,   1.2893E-005,   1.4925E-006,  
533.352,   2.5279E-006,   3.7654E-006,   1.2832E-005,   1.4912E-006,  
535.396,   2.5299E-006,   3.7557E-006,   1.2827E-005,   1.4976E-006,  
537.408,   2.5114E-006,   3.7663E-006,   1.2898E-005,   1.4813E-006,  
539.436,   2.5134E-006,   3.7421E-006,   1.2826E-005,   1.4814E-006,  
541.464,   2.5236E-006,   3.7583E-006,   1.2842E-005,   1.4780E-006,  
543.492,   2.5183E-006,   3.7578E-006,   1.2818E-005,   1.4860E-006,  
545.536,   2.5216E-006,   3.7525E-006,   1.2841E-005,   1.4805E-006,  
547.564,   2.5052E-006,   3.7578E-006,   1.2813E-005,   1.4752E-006,  
549.592,   2.4890E-006,   3.7396E-006,   1.2779E-005,   1.4752E-006,  
551.604,   2.5035E-006,   3.7546E-006,   1.2749E-005,   1.4753E-006,  
553.632,   2.4875E-006,   3.7351E-006,   1.2805E-005,   1.4723E-006,  
555.660,   2.4923E-006,   3.7152E-006,   1.2739E-005,   1.4736E-006,  
557.688,   2.4905E-006,   3.7233E-006,   1.2776E-005,   1.4754E-006,  
559.810,   2.4844E-006,   3.7100E-006,   1.2677E-005,   1.4699E-006,  
561.744,   2.4890E-006,   3.7188E-006,   1.2740E-005,   1.4759E-006,  
563.772,   2.4798E-006,   3.7242E-006,   1.2668E-005,   1.4722E-006,  
565.800,   2.4638E-006,   3.6847E-006,   1.2671E-005,   1.4630E-006,  
567.828,   2.4690E-006,   3.6935E-006,   1.2692E-005,   1.4653E-006,  
569.856,   2.4732E-006,   3.7060E-006,   1.2638E-005,   1.4559E-006,  
571.884,   2.4638E-006,   3.6901E-006,   1.2570E-005,   1.4584E-006,  
573.912,   2.4620E-006,   3.6941E-006,   1.2622E-005,   1.4576E-006,  
575.940,   2.4620E-006,   3.6852E-006,   1.2621E-005,   1.4589E-006,  
577.968,   2.4663E-006,   3.6817E-006,   1.2630E-005,   1.4623E-006,  
580.012,   2.4601E-006,   3.6934E-006,   1.2604E-005,   1.4658E-006,  
582.024,   2.4480E-006,   3.6707E-006,   1.2531E-005,   1.4570E-006,  
584.052,   2.4513E-006,   3.6743E-006,   1.2548E-005,   1.4539E-006,  
586.096,   2.4538E-006,   3.6792E-006,   1.2558E-005,   1.4574E-006,  
588.108,   2.4509E-006,   3.6887E-006,   1.2536E-005,   1.4508E-006,  
590.137,   2.4367E-006,   3.6700E-006,   1.2593E-005,   1.4549E-006,  
592.180,   2.4438E-006,   3.6775E-006,   1.2547E-005,   1.4506E-006,  
594.193,   2.4538E-006,   3.6576E-006,   1.2588E-005,   1.4612E-006,  
596.221,   2.4407E-006,   3.6567E-006,   1.2528E-005,   1.4459E-006,  
598.249,   2.4278E-006,   3.6639E-006,   1.2513E-005,   1.4473E-006,  
600.277,   2.4376E-006,   3.6470E-006,   1.2432E-005,   1.4456E-006,  
602.320,   2.4247E-006,   3.6291E-006,   1.2470E-005,   1.4389E-006,  
604.333,   2.4265E-006,   3.6257E-006,   1.2421E-005,   1.4460E-006,  
606.376,   2.4241E-006,   3.6267E-006,   1.2483E-005,   1.4413E-006,  
608.404,   2.4119E-006,   3.6403E-006,   1.2427E-005,   1.4361E-006,  
610.417,   2.4155E-006,   3.6203E-006,   1.2443E-005,   1.4407E-006,  
612.445,   2.4194E-006,   3.6255E-006,   1.2387E-005,   1.4321E-006,  
614.473,   2.4006E-006,   3.6168E-006,   1.2408E-005,   1.4371E-006,  
616.501,   2.4097E-006,   3.6190E-006,   1.2383E-005,   1.4389E-006,  
618.529,   2.3946E-006,   3.6147E-006,   1.2337E-005,   1.4307E-006,  
620.572,   2.4069E-006,   3.6180E-006,   1.2322E-005,   1.4364E-006,  
622.600,   2.4075E-006,   3.6163E-006,   1.2347E-005,   1.4408E-006,  
624.628,   2.4011E-006,   3.6146E-006,   1.2381E-005,   1.4366E-006,  
626.719,   2.4064E-006,   3.6194E-006,   1.2418E-005,   1.4285E-006,  
628.669,   2.3981E-006,   3.6111E-006,   1.2382E-005,   1.4330E-006,  
630.712,   2.3974E-006,   3.6159E-006,   1.2345E-005,   1.4291E-006,  
632.725,   2.3877E-006,   3.5891E-006,   1.2376E-005,   1.4231E-006,  
634.768,   2.3800E-006,   3.5878E-006,   1.2328E-005,   1.4236E-006,  
636.781,   2.3798E-006,   3.5932E-006,   1.2291E-005,   1.4175E-006,  
638.824,   2.3768E-006,   3.5638E-006,   1.2288E-005,   1.4187E-006,  
640.852,   2.3604E-006,   3.5515E-006,   1.2203E-005,   1.4169E-006,  
642.880,   2.3751E-006,   3.5651E-006,   1.2256E-005,   1.4122E-006,  
644.893,   2.3595E-006,   3.5808E-006,   1.2201E-005,   1.4142E-006,  
646.921,   2.3761E-006,   3.5681E-006,   1.2178E-005,   1.4168E-006,  
648.949,   2.3734E-006,   3.5625E-006,   1.2212E-005,   1.4060E-006,  
650.977,   2.3725E-006,   3.5481E-006,   1.2212E-005,   1.4173E-006,  
653.005,   2.3647E-006,   3.5698E-006,   1.2174E-005,   1.4071E-006,  
655.033,   2.3574E-006,   3.5567E-006,   1.2204E-005,   1.4155E-006,  
657.077,   2.3539E-006,   3.5649E-006,   1.2186E-005,   1.4162E-006,  
659.105,   2.3674E-006,   3.5663E-006,   1.2161E-005,   1.4155E-006,  
661.117,   2.3587E-006,   3.5452E-006,   1.2149E-005,   1.4040E-006,  
663.161,   2.3450E-006,   3.5662E-006,   1.2149E-005,   1.4082E-006,  
665.189,   2.3445E-006,   3.5410E-006,   1.2119E-005,   1.4071E-006,  
667.217,   2.3434E-006,   3.5388E-006,   1.2115E-005,   1.4078E-006,  
669.229,   2.3432E-006,   3.5340E-006,   1.2145E-005,   1.4041E-006,  
671.257,   2.3346E-006,   3.5328E-006,   1.2163E-005,   1.4087E-006,  
673.285,   2.3298E-006,   3.5420E-006,   1.2061E-005,   1.4006E-006,  
675.313,   2.3332E-006,   3.5006E-006,   1.2023E-005,   1.4018E-006,  
677.341,   2.3348E-006,   3.5261E-006,   1.2097E-005,   1.4017E-006,  
679.385,   2.3263E-006,   3.5310E-006,   1.2054E-005,   1.3977E-006,  
681.397,   2.3235E-006,   3.5100E-006,   1.2071E-005,   1.4009E-006,  
683.425,   2.3270E-006,   3.5039E-006,   1.2015E-005,   1.3936E-006,  
685.453,   2.3266E-006,   3.5196E-006,   1.2090E-005,   1.3960E-006,  
687.481,   2.3226E-006,   3.5087E-006,   1.2085E-005,   1.3979E-006,  
689.525,   2.3147E-006,   3.5104E-006,   1.1997E-005,   1.3920E-006,  
691.537,   2.3244E-006,   3.5012E-006,   1.2031E-005,   1.3975E-006,  
693.612,   2.3249E-006,   3.5254E-006,   1.2003E-005,   1.3927E-006,  
695.593,   2.3132E-006,   3.4991E-006,   1.2025E-005,   1.3861E-006,  
697.637,   2.3171E-006,   3.4904E-006,   1.2013E-005,   1.3911E-006,  
699.665,   2.3008E-006,   3.5038E-006,   1.2040E-005,   1.3879E-006,  
701.677,   2.3096E-006,   3.4973E-006,   1.1969E-005,   1.3890E-006,  
703.705,   2.3058E-006,   3.4770E-006,   1.1908E-005,   1.3801E-006,  
705.749,   2.2975E-006,   3.4767E-006,   1.1918E-005,   1.3794E-006,  
707.777,   2.3012E-006,   3.4651E-006,   1.1918E-005,   1.3814E-006,  
709.789,   2.2969E-006,   3.4774E-006,   1.1957E-005,   1.3763E-006,  
711.817,   2.2885E-006,   3.4507E-006,   1.1896E-005,   1.3723E-006,  
713.861,   2.2896E-006,   3.4680E-006,   1.1880E-005,   1.3784E-006,  
715.873,   2.2821E-006,   3.4651E-006,   1.1871E-005,   1.3743E-006,  
717.901,   2.2818E-006,   3.4666E-006,   1.1875E-005,   1.3783E-006,  
719.945,   2.2734E-006,   3.4577E-006,   1.1865E-005,   1.3787E-006,  
721.957,   2.2765E-006,   3.4553E-006,   1.1909E-005,   1.3687E-006,  
723.985,   2.2771E-006,   3.4313E-006,   1.1844E-005,   1.3749E-006,  
726.013,   2.2636E-006,   3.4557E-006,   1.1905E-005,   1.3740E-006,  
728.041,   2.2731E-006,   3.4380E-006,   1.1836E-005,   1.3713E-006,  
730.085,   2.2786E-006,   3.4332E-006,   1.1814E-005,   1.3724E-006,  
732.097,   2.2563E-006,   3.4331E-006,   1.1834E-005,   1.3599E-006,  
734.141,   2.2617E-006,   3.4420E-006,   1.1869E-005,   1.3761E-006,  
736.153,   2.2659E-006,   3.4197E-006,   1.1809E-005,   1.3669E-006,  
738.181,   2.2642E-006,   3.4368E-006,   1.1780E-005,   1.3707E-006,  
740.209,   2.2433E-006,   3.4374E-006,   1.1840E-005,   1.3629E-006,  
742.237,   2.2616E-006,   3.4301E-006,   1.1788E-005,   1.3579E-006,  
744.265,   2.2512E-006,   3.4159E-006,   1.1793E-005,   1.3628E-006,  
746.294,   2.2594E-006,   3.4248E-006,   1.1737E-005,   1.3608E-006,  
748.322,   2.2545E-006,   3.4116E-006,   1.1755E-005,   1.3685E-006,  
750.350,   2.2511E-006,   3.4333E-006,   1.1749E-005,   1.3585E-006,  
752.378,   2.2486E-006,   3.3914E-006,   1.1705E-005,   1.3580E-006,  
754.406,   2.2468E-006,   3.4008E-006,   1.1687E-005,   1.3524E-006,  
756.434,   2.2438E-006,   3.3791E-006,   1.1713E-005,   1.3528E-006,  
758.477,   2.2395E-006,   3.3970E-006,   1.1657E-005,   1.3566E-006,  
760.521,   2.2394E-006,   3.3925E-006,   1.1712E-005,   1.3546E-006,  
762.518,   2.2422E-006,   3.3890E-006,   1.1695E-005,   1.3579E-006,  
764.546,   2.2351E-006,   3.4046E-006,   1.1680E-005,   1.3587E-006,  
766.574,   2.2356E-006,   3.4005E-006,   1.1681E-005,   1.3521E-006,  
768.602,   2.2321E-006,   3.3778E-006,   1.1625E-005,   1.3480E-006,  
770.630,   2.2359E-006,   3.3929E-006,   1.1688E-005,   1.3541E-006,  
772.658,   2.2358E-006,   3.3749E-006,   1.1633E-005,   1.3464E-006,  
774.686,   2.2141E-006,   3.3690E-006,   1.1623E-005,   1.3469E-006,  
776.714,   2.2233E-006,   3.3840E-006,   1.1614E-005,   1.3383E-006,  
778.742,   2.2047E-006,   3.3582E-006,   1.1539E-005,   1.3373E-006,  
780.770,   2.2188E-006,   3.3579E-006,   1.1645E-005,   1.3429E-006,  
782.813,   2.2135E-006,   3.3878E-006,   1.1528E-005,   1.3438E-006,  
784.841,   2.2099E-006,   3.3922E-006,   1.1589E-005,   1.3407E-006,  
786.854,   2.2053E-006,   3.3629E-006,   1.1591E-005,   1.3394E-006,  
788.882,   2.2103E-006,   3.3676E-006,   1.1602E-005,   1.3380E-006,  
790.910,   2.2081E-006,   3.3506E-006,   1.1563E-005,   1.3449E-006,  
792.953,   2.2028E-006,   3.3526E-006,   1.1556E-005,   1.3278E-006,  
794.966,   2.2052E-006,   3.3524E-006,   1.1568E-005,   1.3393E-006,  
797.009,   2.2065E-006,   3.3635E-006,   1.1526E-005,   1.3330E-006,  
799.037,   2.1883E-006,   3.3575E-006,   1.1541E-005,   1.3318E-006,  
801.050,   2.1927E-006,   3.3409E-006,   1.1464E-005,   1.3373E-006,  
803.078,   2.1891E-006,   3.3622E-006,   1.1488E-005,   1.3355E-006,  
805.121,   2.1920E-006,   3.3468E-006,   1.1459E-005,   1.3357E-006,  
807.134,   2.1820E-006,   3.3229E-006,   1.1550E-005,   1.3294E-006,  
809.193,   2.1745E-006,   3.3234E-006,   1.1493E-005,   1.3337E-006,  
811.237,   2.1890E-006,   3.3299E-006,   1.1420E-005,   1.3328E-006,  
813.218,   2.1784E-006,   3.3321E-006,   1.1461E-005,   1.3317E-006,  
815.246,   2.1747E-006,   3.3195E-006,   1.1440E-005,   1.3363E-006,  
817.274,   2.1860E-006,   3.3137E-006,   1.1390E-005,   1.3212E-006,  
819.318,   2.1798E-006,   3.3236E-006,   1.1497E-005,   1.3225E-006,  
821.330,   2.1781E-006,   3.3382E-006,   1.1405E-005,   1.3279E-006,  
823.374,   2.1753E-006,   3.3244E-006,   1.1420E-005,   1.3214E-006,  
825.386,   2.1785E-006,   3.3175E-006,   1.1418E-005,   1.3238E-006,  
827.414,   2.1757E-006,   3.3077E-006,   1.1380E-005,   1.3285E-006,  
829.442,   2.1672E-006,   3.3163E-006,   1.1424E-005,   1.3242E-006,  
831.470,   2.1487E-006,   3.2991E-006,   1.1420E-005,   1.3261E-006,  
833.498,   2.1637E-006,   3.3037E-006,   1.1423E-005,   1.3234E-006,  
835.526,   2.1687E-006,   3.2790E-006,   1.1429E-005,   1.3216E-006,  
837.554,   2.1567E-006,   3.3021E-006,   1.1331E-005,   1.3137E-006,  
839.582,   2.1504E-006,   3.2936E-006,   1.1309E-005,   1.3204E-006,  
841.610,   2.1578E-006,   3.3069E-006,   1.1363E-005,   1.3113E-006,  
843.654,   2.1411E-006,   3.2890E-006,   1.1326E-005,   1.3108E-006,  
845.666,   2.1617E-006,   3.2815E-006,   1.1347E-005,   1.3180E-006,  
847.694,   2.1468E-006,   3.2818E-006,   1.1304E-005,   1.3114E-006,  
849.722,   2.1481E-006,   3.2744E-006,   1.1316E-005,   1.3147E-006,  
851.750,   2.1521E-006,   3.2827E-006,   1.1301E-005,   1.3120E-006,  
853.778,   2.1435E-006,   3.2946E-006,   1.1309E-005,   1.3083E-006,  
855.822,   2.1403E-006,   3.2719E-006,   1.1277E-005,   1.3134E-006,  
857.834,   2.1438E-006,   3.2734E-006,   1.1282E-005,   1.3118E-006,  
859.862,   2.1395E-006,   3.2583E-006,   1.1294E-005,   1.3051E-006,  
861.890,   2.1276E-006,   3.2836E-006,   1.1290E-005,   1.3110E-006,  
863.934,   2.1380E-006,   3.2706E-006,   1.1320E-005,   1.3058E-006,  
865.946,   2.1379E-006,   3.2706E-006,   1.1273E-005,   1.3082E-006,  
867.974,   2.1381E-006,   3.2714E-006,   1.1259E-005,   1.3046E-006,  
870.002,   2.1320E-006,   3.2593E-006,   1.1258E-005,   1.3109E-006,  
872.030,   2.1318E-006,   3.2497E-006,   1.1231E-005,   1.3084E-006,  
874.058,   2.1409E-006,   3.2768E-006,   1.1231E-005,   1.3057E-006,  
876.086,   2.1245E-006,   3.2536E-006,   1.1236E-005,   1.2977E-006,  
878.114,   2.1178E-006,   3.2560E-006,   1.1194E-005,   1.2944E-006,  
880.158,   2.1173E-006,   3.2461E-006,   1.1149E-005,   1.2989E-006,  
882.170,   2.1138E-006,   3.2511E-006,   1.1226E-005,   1.3020E-006,  
884.214,   2.1201E-006,   3.2545E-006,   1.1136E-005,   1.2966E-006,  
886.242,   2.1177E-006,   3.2324E-006,   1.1165E-005,   1.3004E-006,  
888.254,   2.1056E-006,   3.2424E-006,   1.1222E-005,   1.2967E-006,  
890.298,   2.1036E-006,   3.2497E-006,   1.1155E-005,   1.2950E-006,  
892.310,   2.1023E-006,   3.2281E-006,   1.1167E-005,   1.2996E-006,  
894.354,   2.1015E-006,   3.2264E-006,   1.1126E-005,   1.2980E-006,  
896.382,   2.1023E-006,   3.2354E-006,   1.1167E-005,   1.2893E-006,  
898.410,   2.0982E-006,   3.2216E-006,   1.1122E-005,   1.2907E-006,  
900.422,   2.0982E-006,   3.2357E-006,   1.1091E-005,   1.2919E-006,  
902.451,   2.1020E-006,   3.2307E-006,   1.1137E-005,   1.2912E-006,  
904.494,   2.0994E-006,   3.2242E-006,   1.1065E-005,   1.2910E-006,  
906.522,   2.0912E-006,   3.2187E-006,   1.1127E-005,   1.2947E-006,  
908.535,   2.0937E-006,   3.2163E-006,   1.1084E-005,   1.2892E-006,  
910.563,   2.0906E-006,   3.2105E-006,   1.1036E-005,   1.2919E-006,  
912.591,   2.0898E-006,   3.2158E-006,   1.1087E-005,   1.2827E-006,  
914.619,   2.0883E-006,   3.1986E-006,   1.1091E-005,   1.2917E-006,  
916.662,   2.0809E-006,   3.2284E-006,   1.1098E-005,   1.2835E-006,  
918.675,   2.0857E-006,   3.2052E-006,   1.1010E-005,   1.2812E-006,  
920.703,   2.0844E-006,   3.1992E-006,   1.1080E-005,   1.2857E-006,  
922.731,   2.0841E-006,   3.2045E-006,   1.1073E-005,   1.2884E-006,  
924.774,   2.0721E-006,   3.2044E-006,   1.1030E-005,   1.2899E-006,  
926.787,   2.0796E-006,   3.1991E-006,   1.1041E-005,   1.2830E-006,  
928.815,   2.0903E-006,   3.2083E-006,   1.1035E-005,   1.2818E-006,  
930.858,   2.0939E-006,   3.1942E-006,   1.1070E-005,   1.2898E-006,  
932.871,   2.0846E-006,   3.2177E-006,   1.1035E-005,   1.2817E-006,  
934.899,   2.0749E-006,   3.2013E-006,   1.1007E-005,   1.2759E-006,  
936.989,   2.0713E-006,   3.1857E-006,   1.1017E-005,   1.2757E-006,  
938.955,   2.0831E-006,   3.1760E-006,   1.1020E-005,   1.2802E-006,  
940.983,   2.0701E-006,   3.1754E-006,   1.1019E-005,   1.2809E-006,  
943.011,   2.0646E-006,   3.1878E-006,   1.0997E-005,   1.2800E-006,  
945.039,   2.0710E-006,   3.1730E-006,   1.0927E-005,   1.2710E-006,  
947.067,   2.0593E-006,   3.1786E-006,   1.0961E-005,   1.2709E-006,  
949.095,   2.0681E-006,   3.1821E-006,   1.0907E-005,   1.2802E-006,  
951.138,   2.0604E-006,   3.1643E-006,   1.0922E-005,   1.2701E-006,  
953.151,   2.0613E-006,   3.1648E-006,   1.0965E-005,   1.2747E-006,  
955.179,   2.0557E-006,   3.1703E-006,   1.0959E-005,   1.2684E-006,  
957.207,   2.0550E-006,   3.1751E-006,   1.0913E-005,   1.2691E-006,  
959.250,   2.0620E-006,   3.1662E-006,   1.0953E-005,   1.2689E-006,  
961.278,   2.0578E-006,   3.1541E-006,   1.0921E-005,   1.2744E-006,  
963.291,   2.0585E-006,   3.1761E-006,   1.0932E-005,   1.2733E-006,  
965.319,   2.0496E-006,   3.1698E-006,   1.0957E-005,   1.2677E-006,  
967.347,   2.0493E-006,   3.1591E-006,   1.0946E-005,   1.2720E-006,  
969.375,   2.0445E-006,   3.1592E-006,   1.0897E-005,   1.2701E-006,  
971.403,   2.0390E-006,   3.1515E-006,   1.0869E-005,   1.2733E-006,  
973.431,   2.0470E-006,   3.1849E-006,   1.0882E-005,   1.2708E-006,  
975.459,   2.0521E-006,   3.1647E-006,   1.0970E-005,   1.2623E-006,  
977.487,   2.0416E-006,   3.1443E-006,   1.0903E-005,   1.2657E-006,  
979.515,   2.0503E-006,   3.1538E-006,   1.0870E-005,   1.2678E-006,  
981.543,   2.0479E-006,   3.1487E-006,   1.0815E-005,   1.2638E-006,  
983.571,   2.0375E-006,   3.1690E-006,   1.0866E-005,   1.2660E-006,  
985.599,   2.0347E-006,   3.1619E-006,   1.0872E-005,   1.2652E-006,  
987.627,   2.0371E-006,   3.1415E-006,   1.0865E-005,   1.2676E-006,  
989.655,   2.0395E-006,   3.1354E-006,   1.0848E-005,   1.2691E-006,  
991.683,   2.0448E-006,   3.1600E-006,   1.0868E-005,   1.2578E-006,  
993.711,   2.0399E-006,   3.1419E-006,   1.0843E-005,   1.2613E-006,  
995.739,   2.0284E-006,   3.1371E-006,   1.0843E-005,   1.2655E-006,  
997.767,   2.0317E-006,   3.1312E-006,   1.0813E-005,   1.2582E-006,  
999.795,   2.0250E-006,   3.1444E-006,   1.0804E-005,   1.2561E-006,  
1001.839,   2.0100E-006,   3.1322E-006,   1.0782E-005,   1.2544E-006,  
1003.851,   2.0121E-006,   3.1288E-006,   1.0750E-005,   1.2585E-006,  
1005.879,   2.0175E-006,   3.1241E-006,   1.0820E-005,   1.2573E-006,  
1007.907,   2.0163E-006,   3.1209E-006,   1.0736E-005,   1.2517E-006,  
1009.951,   2.0135E-006,   3.1265E-006,   1.0752E-005,   1.2584E-006,  
1011.994,   2.0241E-006,   3.1194E-006,   1.0720E-005,   1.2501E-006,  
1013.991,   2.0092E-006,   3.1080E-006,   1.0740E-005,   1.2534E-006,  
1016.019,   2.0104E-006,   3.1219E-006,   1.0718E-005,   1.2514E-006,  
1018.047,   2.0029E-006,   3.1086E-006,   1.0700E-005,   1.2498E-006,  
1020.075,   2.0058E-006,   3.1010E-006,   1.0712E-005,   1.2463E-006,  
1022.103,   2.0068E-006,   3.0880E-006,   1.0674E-005,   1.2540E-006,  
1024.131,   2.0029E-006,   3.1014E-006,   1.0739E-005,   1.2441E-006,  
1026.159,   1.9945E-006,   3.0953E-006,   1.0789E-005,   1.2504E-006,  
1028.203,   1.9983E-006,   3.1055E-006,   1.0717E-005,   1.2497E-006,  
1030.231,   2.0048E-006,   3.1144E-006,   1.0667E-005,   1.2531E-006,  
1032.243,   2.0002E-006,   3.0953E-006,   1.0672E-005,   1.2500E-006,  
1034.271,   1.9937E-006,   3.1122E-006,   1.0716E-005,   1.2464E-006,  
1036.299,   2.0055E-006,   3.0927E-006,   1.0716E-005,   1.2466E-006,  
1038.327,   1.9938E-006,   3.0942E-006,   1.0686E-005,   1.2473E-006,  
1040.355,   1.9986E-006,   3.0993E-006,   1.0623E-005,   1.2434E-006,  
1042.383,   1.9987E-006,   3.0964E-006,   1.0677E-005,   1.2420E-006,  
1044.427,   1.9875E-006,   3.0869E-006,   1.0639E-005,   1.2458E-006,  
1046.455,   1.9820E-006,   3.0843E-006,   1.0610E-005,   1.2383E-006,  
1048.467,   1.9749E-006,   3.0743E-006,   1.0641E-005,   1.2465E-006,  
1050.495,   1.9865E-006,   3.0772E-006,   1.0613E-005,   1.2360E-006,  
1052.523,   1.9745E-006,   3.0771E-006,   1.0624E-005,   1.2449E-006,  
1054.551,   1.9746E-006,   3.0701E-006,   1.0602E-005,   1.2352E-006,  
1056.579,   1.9667E-006,   3.0680E-006,   1.0572E-005,   1.2404E-006,  
1058.623,   1.9826E-006,   3.0897E-006,   1.0581E-005,   1.2331E-006,  
1060.651,   1.9790E-006,   3.0689E-006,   1.0604E-005,   1.2413E-006,  
1062.679,   1.9692E-006,   3.0690E-006,   1.0605E-005,   1.2379E-006,  
1064.707,   1.9751E-006,   3.0720E-006,   1.0564E-005,   1.2379E-006,  
1066.720,   1.9723E-006,   3.0662E-006,   1.0572E-005,   1.2288E-006,  
1068.763,   1.9728E-006,   3.0515E-006,   1.0557E-005,   1.2380E-006,  
1070.776,   1.9681E-006,   3.0573E-006,   1.0555E-005,   1.2374E-006,  
1072.804,   1.9678E-006,   3.0739E-006,   1.0576E-005,   1.2271E-006,  
1074.832,   1.9646E-006,   3.0691E-006,   1.0582E-005,   1.2321E-006,  
1076.875,   1.9701E-006,   3.0612E-006,   1.0533E-005,   1.2330E-006,  
1078.888,   1.9802E-006,   3.0614E-006,   1.0533E-005,   1.2314E-006,  
1080.931,   1.9680E-006,   3.0531E-006,   1.0495E-005,   1.2315E-006,  
1082.959,   1.9574E-006,   3.0407E-006,   1.0512E-005,   1.2345E-006,  
1084.972,   1.9510E-006,   3.0594E-006,   1.0538E-005,   1.2298E-006,  
1087.000,   1.9619E-006,   3.0581E-006,   1.0509E-005,   1.2337E-006,  
1089.028,   1.9602E-006,   3.0560E-006,   1.0494E-005,   1.2249E-006,  
1091.071,   1.9770E-006,   3.0456E-006,   1.0525E-005,   1.2275E-006,  
1093.084,   1.9611E-006,   3.0621E-006,   1.0514E-005,   1.2292E-006,  
1095.112,   1.9600E-006,   3.0461E-006,   1.0499E-005,   1.2281E-006,  
1097.155,   1.9510E-006,   3.0346E-006,   1.0542E-005,   1.2277E-006,  
1099.168,   1.9557E-006,   3.0401E-006,   1.0455E-005,   1.2235E-006,  
1101.211,   1.9450E-006,   3.0573E-006,   1.0466E-005,   1.2301E-006,  
1103.239,   1.9562E-006,   3.0591E-006,   1.0467E-005,   1.2288E-006,  
1105.252,   1.9502E-006,   3.0554E-006,   1.0483E-005,   1.2321E-006,  
1107.280,   1.9511E-006,   3.0583E-006,   1.0465E-005,   1.2364E-006,  
1109.308,   1.9481E-006,   3.0347E-006,   1.0499E-005,   1.2263E-006,  
1111.351,   1.9370E-006,   3.0415E-006,   1.0445E-005,   1.2213E-006,  
1113.379,   1.9474E-006,   3.0191E-006,   1.0492E-005,   1.2195E-006,  
1115.407,   1.9472E-006,   3.0251E-006,   1.0412E-005,   1.2226E-006,  
1117.420,   1.9420E-006,   3.0343E-006,   1.0412E-005,   1.2229E-006,  
1119.448,   1.9348E-006,   3.0317E-006,   1.0425E-005,   1.2261E-006,  
1121.476,   1.9382E-006,   3.0157E-006,   1.0435E-005,   1.2178E-006,  
1123.504,   1.9308E-006,   3.0042E-006,   1.0388E-005,   1.2179E-006,  
1125.532,   1.9338E-006,   3.0159E-006,   1.0431E-005,   1.2203E-006,  
1127.576,   1.9274E-006,   3.0077E-006,   1.0383E-005,   1.2175E-006,  
1129.588,   1.9254E-006,   3.0176E-006,   1.0401E-005,   1.2209E-006,  
1131.632,   1.9409E-006,   3.0351E-006,   1.0411E-005,   1.2287E-006,  
1133.660,   1.9344E-006,   3.0075E-006,   1.0380E-005,   1.2177E-006,  
1135.688,   1.9362E-006,   3.0107E-006,   1.0397E-005,   1.2232E-006,  
1137.700,   1.9290E-006,   3.0086E-006,   1.0369E-005,   1.2155E-006,  
1139.759,   1.9289E-006,   3.0116E-006,   1.0341E-005,   1.2116E-006,  
1141.756,   1.9168E-006,   3.0061E-006,   1.0333E-005,   1.2181E-006,  
1143.784,   1.9192E-006,   3.0031E-006,   1.0384E-005,   1.2159E-006,  
1145.812,   1.9253E-006,   3.0045E-006,   1.0413E-005,   1.2065E-006,  
1147.840,   1.9282E-006,   2.9907E-006,   1.0382E-005,   1.2155E-006,  
1149.868,   1.9199E-006,   3.0189E-006,   1.0377E-005,   1.2140E-006,  
1151.912,   1.9125E-006,   3.0055E-006,   1.0392E-005,   1.2117E-006,  
1153.924,   1.9264E-006,   3.0058E-006,   1.0324E-005,   1.2115E-006,  
1155.952,   1.9143E-006,   3.0005E-006,   1.0344E-005,   1.2166E-006,  
1157.980,   1.9094E-006,   2.9962E-006,   1.0259E-005,   1.2039E-006,  
1160.008,   1.9176E-006,   2.9771E-006,   1.0315E-005,   1.2095E-006,  
1162.036,   1.9061E-006,   2.9880E-006,   1.0311E-005,   1.2133E-006,  
1164.064,   1.9159E-006,   2.9929E-006,   1.0321E-005,   1.2135E-006,  
1166.092,   1.9132E-006,   2.9854E-006,   1.0301E-005,   1.2137E-006,  
1168.120,   1.9155E-006,   2.9871E-006,   1.0327E-005,   1.2155E-006,  
1170.148,   1.9146E-006,   2.9885E-006,   1.0293E-005,   1.2154E-006,  
1172.176,   1.9097E-006,   2.9995E-006,   1.0326E-005,   1.2151E-006,  
1174.204,   1.9149E-006,   2.9859E-006,   1.0281E-005,   1.2042E-006,  
1176.232,   1.9032E-006,   2.9789E-006,   1.0255E-005,   1.2066E-006,  
1178.260,   1.8982E-006,   2.9807E-006,   1.0294E-005,   1.2060E-006,  
1180.288,   1.8983E-006,   2.9665E-006,   1.0230E-005,   1.2079E-006,  
1182.316,   1.9002E-006,   2.9740E-006,   1.0231E-005,   1.2056E-006,  
1184.376,   1.8900E-006,   2.9721E-006,   1.0252E-005,   1.2025E-006,  
1186.372,   1.8912E-006,   2.9675E-006,   1.0241E-005,   1.2031E-006,  
1188.400,   1.8878E-006,   2.9625E-006,   1.0180E-005,   1.2019E-006,  
1190.428,   1.8924E-006,   2.9655E-006,   1.0227E-005,   1.1956E-006,  
1192.456,   1.8930E-006,   2.9690E-006,   1.0183E-005,   1.2005E-006,  
1194.484,   1.8937E-006,   2.9595E-006,   1.0258E-005,   1.1975E-006,  
1196.512,   1.8880E-006,   2.9750E-006,   1.0204E-005,   1.2013E-006,  
1198.540,   1.8852E-006,   2.9696E-006,   1.0196E-005,   1.2023E-006,  
1200.568,   1.8936E-006,   2.9744E-006,   1.0187E-005,   1.1997E-006,  
1202.596,   1.8874E-006,   2.9664E-006,   1.0190E-005,   1.1986E-006,  
1204.624,   1.8832E-006,   2.9569E-006,   1.0215E-005,   1.2002E-006,  
1206.652,   1.8705E-006,   2.9566E-006,   1.0207E-005,   1.1995E-006,  
1208.680,   1.8839E-006,   2.9632E-006,   1.0214E-005,   1.2004E-006,  
1210.708,   1.8815E-006,   2.9547E-006,   1.0193E-005,   1.2000E-006,  
1212.736,   1.8760E-006,   2.9453E-006,   1.0170E-005,   1.1963E-006,  
1214.765,   1.8818E-006,   2.9568E-006,   1.0218E-005,   1.1935E-006,  
1216.793,   1.8784E-006,   2.9318E-006,   1.0129E-005,   1.1943E-006,  
1218.836,   1.8658E-006,   2.9393E-006,   1.0140E-005,   1.1959E-006,  
1220.849,   1.8727E-006,   2.9579E-006,   1.0108E-005,   1.1880E-006,  
1222.877,   1.8801E-006,   2.9416E-006,   1.0153E-005,   1.1970E-006,  
1224.920,   1.8719E-006,   2.9491E-006,   1.0185E-005,   1.2014E-006,  
1226.933,   1.8753E-006,   2.9317E-006,   1.0118E-005,   1.1934E-006,  
1228.961,   1.8710E-006,   2.9508E-006,   1.0125E-005,   1.1934E-006,  
1230.989,   1.8710E-006,   2.9233E-006,   1.0130E-005,   1.1911E-006,  
1233.017,   1.8660E-006,   2.9601E-006,   1.0112E-005,   1.1945E-006,  
1235.060,   1.8699E-006,   2.9267E-006,   1.0119E-005,   1.1985E-006,  
1237.073,   1.8714E-006,   2.9246E-006,   1.0108E-005,   1.1974E-006,  
1239.101,   1.8611E-006,   2.9280E-006,   1.0136E-005,   1.1894E-006,  
1241.129,   1.8522E-006,   2.9371E-006,   1.0106E-005,   1.1898E-006,  
1243.172,   1.8693E-006,   2.9330E-006,   1.0079E-005,   1.1950E-006,  
1245.185,   1.8615E-006,   2.9253E-006,   1.0076E-005,   1.1866E-006,  
1247.213,   1.8498E-006,   2.9255E-006,   1.0069E-005,   1.1934E-006,  
1249.241,   1.8533E-006,   2.9268E-006,   1.0054E-005,   1.1864E-006,  
1251.269,   1.8704E-006,   2.9145E-006,   1.0018E-005,   1.1886E-006,  
1253.297,   1.8530E-006,   2.9155E-006,   1.0066E-005,   1.1955E-006,  
1255.325,   1.8617E-006,   2.9256E-006,   1.0048E-005,   1.1881E-006,  
1257.353,   1.8601E-006,   2.9251E-006,   1.0111E-005,   1.1938E-006,  
1259.396,   1.8546E-006,   2.9101E-006,   1.0044E-005,   1.1869E-006,  
1261.409,   1.8444E-006,   2.9230E-006,   1.0021E-005,   1.1859E-006,  
1263.437,   1.8440E-006,   2.8964E-006,   1.0039E-005,   1.1870E-006,  
1265.465,   1.8551E-006,   2.9047E-006,   1.0043E-005,   1.1855E-006,  
1267.493,   1.8400E-006,   2.9118E-006,   1.0081E-005,   1.1854E-006,  
1269.521,   1.8373E-006,   2.9152E-006,   1.0030E-005,   1.1905E-006,  
1271.549,   1.8491E-006,   2.9056E-006,   1.0007E-005,   1.1825E-006,  
1273.577,   1.8467E-006,   2.9030E-006,   1.0016E-005,   1.1816E-006,  
1275.605,   1.8407E-006,   2.9006E-006,   1.0031E-005,   1.1863E-006,  
1277.633,   1.8268E-006,   2.8993E-006,   9.9627E-006,   1.1848E-006,  
1279.661,   1.8354E-006,   2.9096E-006,   9.9802E-006,   1.1775E-006,  
1281.689,   1.8326E-006,   2.8934E-006,   9.9407E-006,   1.1819E-006,  
1283.717,   1.8314E-006,   2.8891E-006,   9.9479E-006,   1.1834E-006,  
1285.745,   1.8304E-006,   2.8804E-006,   9.9199E-006,   1.1769E-006,  
1287.804,   1.8312E-006,   2.8850E-006,   9.9593E-006,   1.1788E-006,  
1289.817,   1.8298E-006,   2.8946E-006,   9.9256E-006,   1.1681E-006,  
1291.876,   1.8328E-006,   2.8917E-006,   9.8990E-006,   1.1782E-006,  
1293.873,   1.8210E-006,   2.8834E-006,   9.9274E-006,   1.1724E-006,  
1295.885,   1.8125E-006,   2.8833E-006,   9.9448E-006,   1.1793E-006,  
1297.913,   1.8168E-006,   2.8871E-006,   9.9197E-006,   1.1726E-006,  
1299.972,   1.8235E-006,   2.8823E-006,   9.9375E-006,   1.1755E-006,  
1301.969,   1.8248E-006,   2.8823E-006,   9.9601E-006,   1.1765E-006,  
1304.013,   1.8209E-006,   2.8678E-006,   9.8895E-006,   1.1736E-006,  
1306.025,   1.8191E-006,   2.8704E-006,   9.9429E-006,   1.1772E-006,  
1308.053,   1.8236E-006,   2.8695E-006,   9.8993E-006,   1.1721E-006,  
1310.081,   1.8139E-006,   2.8749E-006,   9.8746E-006,   1.1693E-006,  
1312.109,   1.8148E-006,   2.8713E-006,   9.8447E-006,   1.1721E-006,  
1314.153,   1.8101E-006,   2.8530E-006,   9.8925E-006,   1.1701E-006,  
1316.165,   1.8151E-006,   2.8581E-006,   9.8499E-006,   1.1698E-006,  
1318.193,   1.8040E-006,   2.8581E-006,   9.8392E-006,   1.1649E-006,  
1320.221,   1.8034E-006,   2.8443E-006,   9.8238E-006,   1.1700E-006,  
1322.249,   1.8129E-006,   2.8544E-006,   9.8362E-006,   1.1650E-006,  
1324.277,   1.8144E-006,   2.8671E-006,   9.8446E-006,   1.1670E-006,  
1326.321,   1.8216E-006,   2.8766E-006,   9.8323E-006,   1.1637E-006,  
1328.333,   1.8116E-006,   2.8519E-006,   9.8487E-006,   1.1725E-006,  
1330.361,   1.8095E-006,   2.8598E-006,   9.8270E-006,   1.1704E-006,  
1332.389,   1.8030E-006,   2.8736E-006,   9.7923E-006,   1.1684E-006,  
1334.433,   1.8158E-006,   2.8468E-006,   9.8628E-006,   1.1685E-006,  
1336.445,   1.8047E-006,   2.8600E-006,   9.8361E-006,   1.1617E-006,  
1338.473,   1.8061E-006,   2.8505E-006,   9.8069E-006,   1.1640E-006,  
1340.517,   1.7902E-006,   2.8525E-006,   9.8340E-006,   1.1704E-006,  
1342.545,   1.8050E-006,   2.8485E-006,   9.7927E-006,   1.1637E-006,  
1344.557,   1.7992E-006,   2.8385E-006,   9.7634E-006,   1.1677E-006,  
1346.601,   1.8063E-006,   2.8592E-006,   9.7645E-006,   1.1612E-006,  
1348.613,   1.7975E-006,   2.8484E-006,   9.7397E-006,   1.1679E-006,  
1350.657,   1.8008E-006,   2.8450E-006,   9.7585E-006,   1.1660E-006,  
1352.669,   1.7977E-006,   2.8480E-006,   9.7551E-006,   1.1616E-006,  
1354.697,   1.7930E-006,   2.8419E-006,   9.7522E-006,   1.1621E-006,  
1356.741,   1.7874E-006,   2.8352E-006,   9.7524E-006,   1.1564E-006,  
1358.769,   1.7886E-006,   2.8437E-006,   9.7335E-006,   1.1548E-006,  
1360.781,   1.7840E-006,   2.8384E-006,   9.6980E-006,   1.1567E-006,  
1362.809,   1.7873E-006,   2.8338E-006,   9.7661E-006,   1.1587E-006,  
1364.837,   1.7845E-006,   2.8273E-006,   9.7929E-006,   1.1574E-006,  
1366.865,   1.7759E-006,   2.8339E-006,   9.7623E-006,   1.1598E-006,  
1368.893,   1.7835E-006,   2.8374E-006,   9.7456E-006,   1.1529E-006,  
1370.937,   1.7814E-006,   2.8253E-006,   9.7371E-006,   1.1603E-006,  
1372.965,   1.7755E-006,   2.8163E-006,   9.7090E-006,   1.1622E-006,  
1374.978,   1.7777E-006,   2.8328E-006,   9.6713E-006,   1.1564E-006,  
1377.006,   1.7790E-006,   2.8276E-006,   9.7689E-006,   1.1576E-006,  
1379.034,   1.7842E-006,   2.8229E-006,   9.7188E-006,   1.1553E-006,  
1381.062,   1.7830E-006,   2.8292E-006,   9.7682E-006,   1.1565E-006,  
1383.090,   1.7678E-006,   2.8242E-006,   9.7449E-006,   1.1619E-006,  
1385.118,   1.7751E-006,   2.8163E-006,   9.6797E-006,   1.1608E-006,  
1387.161,   1.7704E-006,   2.8167E-006,   9.6986E-006,   1.1527E-006,  
1389.174,   1.7697E-006,   2.8223E-006,   9.6973E-006,   1.1538E-006,  
1391.202,   1.7733E-006,   2.8176E-006,   9.6949E-006,   1.1449E-006,  
1393.245,   1.7709E-006,   2.8049E-006,   9.6546E-006,   1.1491E-006,  
1395.273,   1.7725E-006,   2.8108E-006,   9.6375E-006,   1.1505E-006,  
1397.286,   1.7626E-006,   2.8199E-006,   9.6902E-006,   1.1526E-006,  
1399.314,   1.7724E-006,   2.7963E-006,   9.6298E-006,   1.1517E-006,  
1401.342,   1.7611E-006,   2.8110E-006,   9.6489E-006,   1.1503E-006,  
1403.370,   1.7590E-006,   2.7965E-006,   9.6272E-006,   1.1526E-006,  
1405.398,   1.7616E-006,   2.8093E-006,   9.6267E-006,   1.1520E-006,  
1407.426,   1.7584E-006,   2.8102E-006,   9.6304E-006,   1.1466E-006,  
1409.454,   1.7618E-006,   2.8042E-006,   9.6222E-006,   1.1503E-006,  
1411.482,   1.7627E-006,   2.7912E-006,   9.6138E-006,   1.1485E-006,  
1413.525,   1.7566E-006,   2.8018E-006,   9.6147E-006,   1.1521E-006,  
1415.538,   1.7609E-006,   2.7887E-006,   9.6248E-006,   1.1533E-006,  
1417.613,   1.7658E-006,   2.7998E-006,   9.6324E-006,   1.1458E-006,  
1419.609,   1.7623E-006,   2.7911E-006,   9.5900E-006,   1.1487E-006,  
1421.637,   1.7593E-006,   2.7957E-006,   9.5758E-006,   1.1432E-006,  
1423.650,   1.7534E-006,   2.7893E-006,   9.5554E-006,   1.1436E-006,  
1425.678,   1.7511E-006,   2.7829E-006,   9.5582E-006,   1.1415E-006,  
1427.706,   1.7535E-006,   2.7797E-006,   9.6052E-006,   1.1449E-006,  
1429.734,   1.7573E-006,   2.7928E-006,   9.5839E-006,   1.1423E-006,  
1431.762,   1.7512E-006,   2.7779E-006,   9.5736E-006,   1.1467E-006,  
1433.790,   1.7465E-006,   2.7884E-006,   9.5466E-006,   1.1392E-006,  
1435.818,   1.7503E-006,   2.7730E-006,   9.5836E-006,   1.1394E-006,  
1437.846,   1.7463E-006,   2.7977E-006,   9.5055E-006,   1.1419E-006,  
1439.874,   1.7504E-006,   2.7970E-006,   9.5214E-006,   1.1417E-006,  
1441.902,   1.7407E-006,   2.7800E-006,   9.4936E-006,   1.1462E-006,  
1443.930,   1.7516E-006,   2.7908E-006,   9.5834E-006,   1.1448E-006,  
1445.974,   1.7507E-006,   2.7766E-006,   9.5520E-006,   1.1351E-006,  
1447.986,   1.7391E-006,   2.7846E-006,   9.5211E-006,   1.1398E-006,  
1450.030,   1.7435E-006,   2.7758E-006,   9.5956E-006,   1.1403E-006,  
1452.058,   1.7360E-006,   2.7723E-006,   9.4886E-006,   1.1431E-006,  
1454.070,   1.7429E-006,   2.7722E-006,   9.4892E-006,   1.1434E-006,  
1456.114,   1.7416E-006,   2.7717E-006,   9.4861E-006,   1.1452E-006,  
1458.142,   1.7333E-006,   2.7649E-006,   9.5106E-006,   1.1372E-006,  
1460.154,   1.7405E-006,   2.7648E-006,   9.5298E-006,   1.1419E-006,  
1462.182,   1.7364E-006,   2.7643E-006,   9.4859E-006,   1.1364E-006,  
1464.210,   1.7319E-006,   2.7631E-006,   9.4717E-006,   1.1319E-006,  
1466.254,   1.7298E-006,   2.7646E-006,   9.5108E-006,   1.1381E-006,  
1468.266,   1.7357E-006,   2.7662E-006,   9.5208E-006,   1.1338E-006,  
1470.310,   1.7269E-006,   2.7607E-006,   9.4539E-006,   1.1391E-006,  
1472.322,   1.7235E-006,   2.7569E-006,   9.4477E-006,   1.1381E-006,  
1474.366,   1.7242E-006,   2.7500E-006,   9.4630E-006,   1.1335E-006,  
1476.378,   1.7372E-006,   2.7605E-006,   9.5187E-006,   1.1405E-006,  
1478.406,   1.7369E-006,   2.7559E-006,   9.4610E-006,   1.1366E-006,  
1480.434,   1.7307E-006,   2.7655E-006,   9.4649E-006,   1.1285E-006,  
1482.462,   1.7272E-006,   2.7710E-006,   9.4589E-006,   1.1351E-006,  
1484.490,   1.7212E-006,   2.7561E-006,   9.4219E-006,   1.1278E-006,  
1486.518,   1.7215E-006,   2.7539E-006,   9.4160E-006,   1.1306E-006,  
1488.546,   1.7259E-006,   2.7518E-006,   9.4015E-006,   1.1362E-006,  
1490.574,   1.7145E-006,   2.7508E-006,   9.3929E-006,   1.1341E-006,  
1492.602,   1.7151E-006,   2.7453E-006,   9.3895E-006,   1.1341E-006,  
1494.630,   1.7182E-006,   2.7447E-006,   9.3992E-006,   1.1279E-006,  
1496.674,   1.7153E-006,   2.7375E-006,   9.3655E-006,   1.1245E-006,  
1498.686,   1.7072E-006,   2.7433E-006,   9.3513E-006,   1.1258E-006,  
1500.714,   1.7169E-006,   2.7376E-006,   9.4050E-006,   1.1245E-006,  
1502.742,   1.7069E-006,   2.7306E-006,   9.3412E-006,   1.1192E-006,  
1504.770,   1.7111E-006,   2.7355E-006,   9.3728E-006,   1.1277E-006,  
1506.798,   1.7086E-006,   2.7357E-006,   9.3648E-006,   1.1278E-006,  
1508.842,   1.7082E-006,   2.7283E-006,   9.3118E-006,   1.1259E-006,  
1510.854,   1.7067E-006,   2.7325E-006,   9.3859E-006,   1.1269E-006,  
1512.882,   1.7060E-006,   2.7354E-006,   9.3171E-006,   1.1292E-006,  
1514.910,   1.7046E-006,   2.7283E-006,   9.3924E-006,   1.1246E-006,  
1516.954,   1.7058E-006,   2.7244E-006,   9.3856E-006,   1.1306E-006,  
1518.966,   1.7145E-006,   2.7431E-006,   9.3924E-006,   1.1266E-006,  
1520.994,   1.7092E-006,   2.7313E-006,   9.3713E-006,   1.1238E-006,  
1523.022,   1.7081E-006,   2.7370E-006,   9.2937E-006,   1.1272E-006,  
1525.051,   1.7033E-006,   2.7317E-006,   9.3208E-006,   1.1224E-006,  
1527.079,   1.7048E-006,   2.7243E-006,   9.3179E-006,   1.1284E-006,  
1529.107,   1.6929E-006,   2.7245E-006,   9.2910E-006,   1.1234E-006,  
1531.135,   1.6943E-006,   2.7281E-006,   9.3778E-006,   1.1239E-006,  
1533.178,   1.6881E-006,   2.7302E-006,   9.2993E-006,   1.1178E-006,  
1535.206,   1.6891E-006,   2.7173E-006,   9.3703E-006,   1.1206E-006,  
1537.219,   1.6935E-006,   2.7195E-006,   9.2963E-006,   1.1208E-006,  
1539.262,   1.6835E-006,   2.7181E-006,   9.2746E-006,   1.1222E-006,  
1541.275,   1.6873E-006,   2.7077E-006,   9.2871E-006,   1.1172E-006,  
1543.303,   1.6893E-006,   2.7155E-006,   9.2677E-006,   1.1200E-006,  
1545.331,   1.6874E-006,   2.7071E-006,   9.2539E-006,   1.1118E-006,  
1547.359,   1.6817E-006,   2.7057E-006,   9.2686E-006,   1.1178E-006,  
1549.387,   1.6840E-006,   2.6970E-006,   9.2450E-006,   1.1179E-006,  
1551.415,   1.6819E-006,   2.7081E-006,   9.2248E-006,   1.1132E-006,  
1553.458,   1.6879E-006,   2.7073E-006,   9.3114E-006,   1.1169E-006,  
1555.471,   1.6843E-006,   2.7009E-006,   9.2298E-006,   1.1217E-006,  
1557.499,   1.6811E-006,   2.7023E-006,   9.2494E-006,   1.1185E-006,  
1559.542,   1.6797E-006,   2.6857E-006,   9.2187E-006,   1.1113E-006,  
1561.570,   1.6815E-006,   2.6974E-006,   9.2024E-006,   1.1096E-006,  
1563.598,   1.6781E-006,   2.6875E-006,   9.2147E-006,   1.1143E-006,  
1565.611,   1.6721E-006,   2.6907E-006,   9.2545E-006,   1.1106E-006,  
1567.639,   1.6674E-006,   2.6844E-006,   9.2337E-006,   1.1064E-006,  
1569.682,   1.6770E-006,   2.6825E-006,   9.1936E-006,   1.1048E-006,  
1571.695,   1.6742E-006,   2.6832E-006,   9.1994E-006,   1.1125E-006,  
1573.723,   1.6709E-006,   2.7027E-006,   9.1938E-006,   1.1070E-006,  
1575.751,   1.6644E-006,   2.6858E-006,   9.2159E-006,   1.1133E-006,  
1577.779,   1.6722E-006,   2.6853E-006,   9.2064E-006,   1.1075E-006,  
1579.807,   1.6750E-006,   2.6910E-006,   9.1986E-006,   1.1078E-006,  
1581.835,   1.6580E-006,   2.6866E-006,   9.1528E-006,   1.1063E-006,  
1583.863,   1.6634E-006,   2.6909E-006,   9.1609E-006,   1.1046E-006,  
1585.891,   1.6675E-006,   2.6929E-006,   9.1998E-006,   1.1058E-006,  
1587.919,   1.6664E-006,   2.6835E-006,   9.1713E-006,   1.1073E-006,  
1589.947,   1.6649E-006,   2.6896E-006,   9.1269E-006,   1.1075E-006,  
1591.991,   1.6647E-006,   2.6823E-006,   9.1535E-006,   1.1061E-006,  
1594.034,   1.6661E-006,   2.6747E-006,   9.1349E-006,   1.1017E-006,  
1596.031,   1.6551E-006,   2.6694E-006,   9.1286E-006,   1.1124E-006,  
1598.059,   1.6613E-006,   2.6797E-006,   9.1551E-006,   1.1099E-006,  
1600.087,   1.6687E-006,   2.6657E-006,   9.1324E-006,   1.1087E-006,  
1602.115,   1.6620E-006,   2.6792E-006,   9.1097E-006,   1.0985E-006,  
1604.159,   1.6536E-006,   2.6736E-006,   9.1168E-006,   1.1047E-006,  
1606.171,   1.6663E-006,   2.6705E-006,   9.1039E-006,   1.1067E-006,  
1608.199,   1.6629E-006,   2.6726E-006,   9.1002E-006,   1.1011E-006,  
1610.227,   1.6637E-006,   2.6668E-006,   9.1251E-006,   1.1039E-006,  
1612.271,   1.6557E-006,   2.6680E-006,   9.1197E-006,   1.1002E-006,  
1614.283,   1.6538E-006,   2.6606E-006,   9.0939E-006,   1.1046E-006,  
1616.311,   1.6485E-006,   2.6624E-006,   9.0768E-006,   1.0986E-006,  
1618.339,   1.6584E-006,   2.6671E-006,   9.0361E-006,   1.1000E-006,  
1620.367,   1.6478E-006,   2.6603E-006,   9.0890E-006,   1.1006E-006,  
1622.395,   1.6395E-006,   2.6833E-006,   9.0873E-006,   1.0996E-006,  
1624.423,   1.6507E-006,   2.6488E-006,   9.0465E-006,   1.1044E-006,  
1626.451,   1.6461E-006,   2.6512E-006,   9.0590E-006,   1.0981E-006,  
1628.479,   1.6382E-006,   2.6572E-006,   9.0497E-006,   1.0999E-006,  
1630.523,   1.6483E-006,   2.6537E-006,   9.0143E-006,   1.0981E-006,  
1632.535,   1.6495E-006,   2.6477E-006,   9.0668E-006,   1.0953E-006,  
1634.563,   1.6468E-006,   2.6455E-006,   9.0072E-006,   1.0959E-006,  
1636.591,   1.6431E-006,   2.6502E-006,   9.0480E-006,   1.1036E-006,  
1638.619,   1.6360E-006,   2.6578E-006,   8.9756E-006,   1.0945E-006,  
1640.647,   1.6342E-006,   2.6473E-006,   9.0407E-006,   1.0945E-006,  
1642.675,   1.6404E-006,   2.6355E-006,   9.0352E-006,   1.0907E-006,  
1644.703,   1.6365E-006,   2.6476E-006,   9.0219E-006,   1.0955E-006,  
1646.731,   1.6356E-006,   2.6464E-006,   9.0445E-006,   1.0978E-006,  
1648.759,   1.6453E-006,   2.6508E-006,   9.0293E-006,   1.0916E-006,  
1650.787,   1.6384E-006,   2.6501E-006,   9.0266E-006,   1.0927E-006,  
1652.815,   1.6410E-006,   2.6524E-006,   8.9977E-006,   1.0985E-006,  
1654.859,   1.6342E-006,   2.6559E-006,   9.0237E-006,   1.0922E-006,  
1656.871,   1.6325E-006,   2.6478E-006,   8.9924E-006,   1.0957E-006,  
1658.899,   1.6381E-006,   2.6472E-006,   9.0029E-006,   1.0960E-006,  
1660.943,   1.6250E-006,   2.6378E-006,   9.0074E-006,   1.0951E-006,  
1662.955,   1.6312E-006,   2.6432E-006,   8.9860E-006,   1.0912E-006,  
1664.983,   1.6376E-006,   2.6513E-006,   9.0104E-006,   1.0871E-006,  
1667.058,   1.6334E-006,   2.6381E-006,   8.9547E-006,   1.0911E-006,  
1669.039,   1.6298E-006,   2.6271E-006,   8.9460E-006,   1.0949E-006,  
1671.083,   1.6294E-006,   2.6311E-006,   8.9680E-006,   1.0906E-006,  
1673.111,   1.6240E-006,   2.6311E-006,   9.0031E-006,   1.0927E-006,  
1675.139,   1.6200E-006,   2.6351E-006,   8.9782E-006,   1.0958E-006,  
1677.167,   1.6261E-006,   2.6307E-006,   8.9354E-006,   1.0895E-006,  
1679.179,   1.6260E-006,   2.6413E-006,   8.9394E-006,   1.0915E-006,  
1681.208,   1.6225E-006,   2.6370E-006,   8.9605E-006,   1.0866E-006,  
1683.236,   1.6263E-006,   2.6368E-006,   8.9390E-006,   1.0902E-006,  
1685.264,   1.6128E-006,   2.6211E-006,   8.9317E-006,   1.0887E-006,  
1687.292,   1.6122E-006,   2.6296E-006,   8.9669E-006,   1.0894E-006,  
1689.335,   1.6228E-006,   2.6304E-006,   8.9785E-006,   1.0934E-006,  
1691.363,   1.6210E-006,   2.6315E-006,   8.9322E-006,   1.0924E-006,  
1693.391,   1.6179E-006,   2.6237E-006,   8.9229E-006,   1.0899E-006,  
1695.419,   1.6141E-006,   2.6255E-006,   8.9199E-006,   1.0866E-006,  
1697.432,   1.6163E-006,   2.6077E-006,   8.8967E-006,   1.0906E-006,  
1699.460,   1.6172E-006,   2.6246E-006,   8.9417E-006,   1.0836E-006,  
1701.488,   1.6083E-006,   2.6214E-006,   8.8647E-006,   1.0868E-006,  
1703.516,   1.6069E-006,   2.5931E-006,   8.8767E-006,   1.0831E-006,  
1705.559,   1.6066E-006,   2.5993E-006,   8.9071E-006,   1.0862E-006,  
1707.587,   1.6085E-006,   2.6104E-006,   8.9394E-006,   1.0824E-006,  
1709.600,   1.6027E-006,   2.6238E-006,   8.8740E-006,   1.0842E-006,  
1711.628,   1.6075E-006,   2.6015E-006,   8.8518E-006,   1.0847E-006,  
1713.671,   1.6032E-006,   2.6109E-006,   8.8374E-006,   1.0832E-006,  
1715.684,   1.6086E-006,   2.6052E-006,   8.8769E-006,   1.0897E-006,  
1717.727,   1.6113E-006,   2.6206E-006,   8.8687E-006,   1.0834E-006,  
1719.740,   1.6069E-006,   2.6016E-006,   8.8579E-006,   1.0799E-006,  
1721.768,   1.6011E-006,   2.6092E-006,   8.8442E-006,   1.0845E-006,  
1723.796,   1.6029E-006,   2.6196E-006,   8.8489E-006,   1.0846E-006,  
1725.824,   1.6061E-006,   2.6060E-006,   8.8354E-006,   1.0813E-006,  
1727.867,   1.6001E-006,   2.5931E-006,   8.7878E-006,   1.0804E-006,  
1729.895,   1.6072E-006,   2.5988E-006,   8.8111E-006,   1.0795E-006,  
1731.923,   1.5936E-006,   2.5852E-006,   8.8106E-006,   1.0745E-006,  
1733.936,   1.5886E-006,   2.6070E-006,   8.8280E-006,   1.0721E-006,  
1735.964,   1.5891E-006,   2.5979E-006,   8.7660E-006,   1.0741E-006,  
1737.992,   1.6030E-006,   2.5986E-006,   8.8245E-006,   1.0782E-006,  
1740.020,   1.6051E-006,   2.6000E-006,   8.8549E-006,   1.0799E-006,  
1742.048,   1.5998E-006,   2.5907E-006,   8.7779E-006,   1.0832E-006,  
1744.092,   1.5934E-006,   2.5860E-006,   8.8533E-006,   1.0755E-006,  
1746.120,   1.6003E-006,   2.5964E-006,   8.8359E-006,   1.0848E-006,  
1748.132,   1.5968E-006,   2.5909E-006,   8.8187E-006,   1.0806E-006,  
1750.176,   1.5963E-006,   2.6006E-006,   8.7385E-006,   1.0782E-006,  
1752.188,   1.5992E-006,   2.6012E-006,   8.8075E-006,   1.0765E-006,  
1754.216,   1.5938E-006,   2.5906E-006,   8.7704E-006,   1.0791E-006,  
1756.260,   1.5903E-006,   2.5761E-006,   8.7765E-006,   1.0716E-006,  
1758.272,   1.5846E-006,   2.5737E-006,   8.7916E-006,   1.0807E-006,  
1760.300,   1.5920E-006,   2.5836E-006,   8.7357E-006,   1.0759E-006,  
1762.328,   1.5754E-006,   2.5831E-006,   8.8007E-006,   1.0796E-006,  
1764.372,   1.5902E-006,   2.5909E-006,   8.7523E-006,   1.0725E-006,  
1766.384,   1.5856E-006,   2.5829E-006,   8.7288E-006,   1.0730E-006,  
1768.412,   1.5823E-006,   2.5777E-006,   8.7562E-006,   1.0747E-006,  
1770.440,   1.5861E-006,   2.5978E-006,   8.7531E-006,   1.0786E-006,  
1772.468,   1.5790E-006,   2.5759E-006,   8.7279E-006,   1.0775E-006,  
1774.496,   1.5892E-006,   2.5833E-006,   8.7659E-006,   1.0774E-006,  
1776.524,   1.5824E-006,   2.5766E-006,   8.7723E-006,   1.0719E-006,  
1778.552,   1.5888E-006,   2.5771E-006,   8.7530E-006,   1.0733E-006,  
1780.580,   1.5766E-006,   2.5806E-006,   8.6948E-006,   1.0755E-006,  
1782.624,   1.5829E-006,   2.5833E-006,   8.7264E-006,   1.0751E-006,  
1784.636,   1.5852E-006,   2.5723E-006,   8.6969E-006,   1.0761E-006,  
1786.664,   1.5920E-006,   2.5815E-006,   8.7191E-006,   1.0760E-006,  
1788.708,   1.5797E-006,   2.5762E-006,   8.7078E-006,   1.0696E-006,  
1790.736,   1.5771E-006,   2.5677E-006,   8.7681E-006,   1.0708E-006,  
1792.748,   1.5762E-006,   2.5828E-006,   8.6929E-006,   1.0740E-006,  
1794.776,   1.5785E-006,   2.5690E-006,   8.6746E-006,   1.0694E-006,  
1796.804,   1.5700E-006,   2.5626E-006,   8.6690E-006,   1.0772E-006,  
1798.848,   1.5751E-006,   2.5789E-006,   8.7038E-006,   1.0678E-006,  
1800.860,   1.5737E-006,   2.5757E-006,   8.6405E-006,   1.0664E-006,  
1802.888,   1.5739E-006,   2.5526E-006,   8.6778E-006,   1.0694E-006,  
1804.916,   1.5671E-006,   2.5608E-006,   8.7000E-006,   1.0685E-006,  
1806.944,   1.5674E-006,   2.5550E-006,   8.7002E-006,   1.0674E-006,  
1808.972,   1.5734E-006,   2.5650E-006,   8.6624E-006,   1.0669E-006,  
1811.000,   1.5635E-006,   2.5550E-006,   8.6600E-006,   1.0662E-006,  
1813.044,   1.5684E-006,   2.5657E-006,   8.6968E-006,   1.0732E-006,  
1815.056,   1.5705E-006,   2.5638E-006,   8.6468E-006,   1.0701E-006,  
1817.084,   1.5718E-006,   2.5513E-006,   8.6700E-006,   1.0726E-006,  
1819.112,   1.5701E-006,   2.5524E-006,   8.6484E-006,   1.0643E-006,  
1821.140,   1.5636E-006,   2.5656E-006,   8.6441E-006,   1.0658E-006,  
1823.168,   1.5675E-006,   2.5602E-006,   8.6824E-006,   1.0699E-006,  
1825.196,   1.5642E-006,   2.5429E-006,   8.6076E-006,   1.0705E-006,  
1827.224,   1.5583E-006,   2.5661E-006,   8.6149E-006,   1.0694E-006,  
1829.268,   1.5586E-006,   2.5566E-006,   8.6157E-006,   1.0698E-006,  
1831.296,   1.5595E-006,   2.5402E-006,   8.6506E-006,   1.0577E-006,  
1833.308,   1.5560E-006,   2.5408E-006,   8.6015E-006,   1.0659E-006,  
1835.336,   1.5587E-006,   2.5459E-006,   8.6261E-006,   1.0586E-006,  
1837.365,   1.5550E-006,   2.5405E-006,   8.5823E-006,   1.0641E-006,  
1839.393,   1.5620E-006,   2.5434E-006,   8.5972E-006,   1.0661E-006,  
1841.436,   1.5543E-006,   2.5428E-006,   8.5937E-006,   1.0659E-006,  
1843.449,   1.5621E-006,   2.5493E-006,   8.5730E-006,   1.0639E-006,  
1845.477,   1.5573E-006,   2.5512E-006,   8.6019E-006,   1.0696E-006,  
1847.505,   1.5618E-006,   2.5486E-006,   8.5978E-006,   1.0614E-006,  
1849.611,   1.5598E-006,   2.5404E-006,   8.6011E-006,   1.0650E-006,  
1851.623,   1.5585E-006,   2.5366E-006,   8.5587E-006,   1.0631E-006,  
1853.589,   1.5567E-006,   2.5408E-006,   8.5780E-006,   1.0571E-006,  
1855.617,   1.5503E-006,   2.5339E-006,   8.6101E-006,   1.0648E-006,  
1857.645,   1.5501E-006,   2.5311E-006,   8.5894E-006,   1.0601E-006,  
1859.673,   1.5518E-006,   2.5297E-006,   8.5418E-006,   1.0560E-006,  
1861.701,   1.5574E-006,   2.5399E-006,   8.5236E-006,   1.0629E-006,  
1863.729,   1.5487E-006,   2.5356E-006,   8.5328E-006,   1.0594E-006,  
1865.757,   1.5512E-006,   2.5324E-006,   8.5161E-006,   1.0601E-006,  
1867.800,   1.5435E-006,   2.5183E-006,   8.5695E-006,   1.0524E-006,  
1869.828,   1.5386E-006,   2.5194E-006,   8.5593E-006,   1.0602E-006,  
1871.841,   1.5510E-006,   2.5316E-006,   8.5171E-006,   1.0588E-006,  
1873.884,   1.5429E-006,   2.5184E-006,   8.4863E-006,   1.0556E-006,  
1875.897,   1.5499E-006,   2.5267E-006,   8.5323E-006,   1.0587E-006,  
1877.925,   1.5441E-006,   2.5360E-006,   8.5278E-006,   1.0563E-006,  
